timestamp,adjusted_close
2011-10-24T13:30:00+00:00,7.414936542510986
2011-10-25T13:30:00+00:00,7.328052997589111
2011-10-26T13:30:00+00:00,7.30435848236084
2011-10-27T13:30:00+00:00,7.7367095947265625
2011-10-28T13:30:00+00:00,7.649445533752441
2011-10-31T13:30:00+00:00,7.369804382324219
2011-11-01T13:30:00+00:00,7.030667304992676
2011-11-02T13:30:00+00:00,7.23891019821167
2011-11-03T13:30:00+00:00,7.665309906005859
2011-11-04T13:30:00+00:00,7.762488842010498
2011-11-07T14:30:00+00:00,7.699023723602295
2011-11-08T14:30:00+00:00,7.685142993927002
2011-11-09T14:30:00+00:00,7.340056419372559
2011-11-10T14:30:00+00:00,7.322206497192383
2011-11-11T14:30:00+00:00,7.42136812210083
2011-11-14T14:30:00+00:00,7.316255569458008
2011-11-15T14:30:00+00:00,7.3955888748168945
2011-11-16T14:30:00+00:00,7.4392194747924805
2011-11-17T14:30:00+00:00,7.306339263916016
2011-11-18T14:30:00+00:00,7.205195426940918
2011-11-21T14:30:00+00:00,7.0048828125
2011-11-22T14:30:00+00:00,7.012816905975342
2011-11-23T14:30:00+00:00,7.020748615264893
2011-11-25T14:30:00+00:00,6.985052585601807
2011-11-28T14:30:00+00:00,7.318238258361816
2011-11-29T14:30:00+00:00,7.340056419372559
2011-11-30T14:30:00+00:00,7.786290168762207
2011-12-01T14:30:00+00:00,7.593914031982422
2011-12-02T14:30:00+00:00,7.821986675262451
2011-12-05T14:30:00+00:00,7.9290876388549805
2011-12-06T14:30:00+00:00,7.90330171585083
2011-12-07T14:30:00+00:00,7.901318073272705
2011-12-08T14:30:00+00:00,7.595897197723389
2011-12-09T14:30:00+00:00,7.950900554656982
2011-12-12T14:30:00+00:00,7.792239189147949
2011-12-13T14:30:00+00:00,7.675225257873535
2011-12-14T14:30:00+00:00,7.466984272003174
2011-12-15T14:30:00+00:00,7.468966484069824
2011-12-16T14:30:00+00:00,7.671261310577393
2011-12-19T14:30:00+00:00,7.576066017150879
2011-12-20T14:30:00+00:00,7.73274040222168
2011-12-21T14:30:00+00:00,7.84578800201416
2011-12-22T14:30:00+00:00,7.9628005027771
2011-12-23T14:30:00+00:00,8.079813957214355
2011-12-27T14:30:00+00:00,8.115510940551758
2011-12-28T14:30:00+00:00,7.901318073272705
2011-12-29T14:30:00+00:00,8.107577323913574
2011-12-30T14:30:00+00:00,7.956849098205566
2012-01-03T14:30:00+00:00,8.184925079345703
2012-01-04T14:30:00+00:00,8.315820693969727
2012-01-05T14:30:00+00:00,8.331686973571777
2012-01-06T14:30:00+00:00,8.278139114379883
2012-01-09T14:30:00+00:00,8.323755264282227
2012-01-10T14:30:00+00:00,8.409034729003906
2012-01-11T14:30:00+00:00,8.446715354919434
2012-01-12T14:30:00+00:00,8.530014991760254
2012-01-13T14:30:00+00:00,8.373334884643555
2012-01-17T14:30:00+00:00,8.411020278930664
2012-01-18T14:30:00+00:00,8.510180473327637
2012-01-19T14:30:00+00:00,8.391185760498047
2012-01-20T14:30:00+00:00,8.200791358947754
2012-01-23T14:30:00+00:00,8.13930892944336
2012-01-24T14:30:00+00:00,8.228560447692871
2012-01-25T14:30:00+00:00,8.325736999511719
2012-01-26T14:30:00+00:00,8.274174690246582
2012-01-27T14:30:00+00:00,8.415525436401367
2012-01-30T14:30:00+00:00,8.453351020812988
2012-01-31T14:30:00+00:00,8.457338333129883
2012-02-01T14:30:00+00:00,8.69425106048584
2012-02-02T14:30:00+00:00,8.69425106048584
2012-02-03T14:30:00+00:00,8.974967956542969
2012-02-06T14:30:00+00:00,9.072522163391113
2012-02-07T14:30:00+00:00,9.18002986907959
2012-02-08T14:30:00+00:00,9.259666442871094
2012-02-09T14:30:00+00:00,9.313422203063965
2012-02-10T14:30:00+00:00,9.020756721496582
2012-02-13T14:30:00+00:00,9.174057006835938
2012-02-14T14:30:00+00:00,9.18401050567627
2012-02-15T14:30:00+00:00,9.082476615905762
2012-02-16T14:30:00+00:00,9.225823402404785
2012-02-17T14:30:00+00:00,9.277583122253418
2012-02-21T14:30:00+00:00,9.255685806274414
2012-02-22T14:30:00+00:00,9.221837043762207
2012-02-23T14:30:00+00:00,9.255685806274414
2012-02-24T14:30:00+00:00,9.120306015014648
2012-02-27T14:30:00+00:00,9.100396156311035
2012-02-28T14:30:00+00:00,9.056596755981445
2012-02-29T14:30:00+00:00,8.990897178649902
2012-03-01T14:30:00+00:00,9.078495025634766
2012-03-02T14:30:00+00:00,8.98890495300293
2012-03-05T14:30:00+00:00,8.998855590820312
2012-03-06T14:30:00+00:00,8.632537841796875
2012-03-07T14:30:00+00:00,8.718141555786133
2012-03-08T14:30:00+00:00,8.855517387390137
2012-03-09T14:30:00+00:00,8.905284881591797
2012-03-12T13:30:00+00:00,8.919225692749023
2012-03-13T13:30:00+00:00,9.144195556640625
2012-03-14T13:30:00+00:00,8.893341064453125
2012-03-15T13:30:00+00:00,9.116321563720703
2012-03-16T13:30:00+00:00,9.096410751342773
2012-03-19T13:30:00+00:00,9.128266334533691
2012-03-20T13:30:00+00:00,8.978949546813965
2012-03-21T13:30:00+00:00,8.89533519744873
2012-03-22T13:30:00+00:00,8.825650215148926
2012-03-23T13:30:00+00:00,8.742033004760742
2012-03-26T13:30:00+00:00,8.935151100158691
2012-03-27T13:30:00+00:00,8.945107460021973
2012-03-28T13:30:00+00:00,8.980942726135254
2012-03-29T13:30:00+00:00,8.961030006408691
2012-03-30T13:30:00+00:00,8.949085235595703
2012-04-02T13:30:00+00:00,8.841578483581543
2012-04-03T13:30:00+00:00,8.913250923156738
2012-04-04T13:30:00+00:00,8.815696716308594
2012-04-05T13:30:00+00:00,8.757964134216309
2012-04-09T13:30:00+00:00,8.62457275390625
2012-04-10T13:30:00+00:00,8.447380065917969
2012-04-11T13:30:00+00:00,8.622576713562012
2012-04-12T13:30:00+00:00,8.996865272521973
2012-04-13T13:30:00+00:00,8.773885726928711
2012-04-16T13:30:00+00:00,8.827641487121582
2012-04-17T13:30:00+00:00,8.93913459777832
2012-04-18T13:30:00+00:00,8.867462158203125
2012-04-19T13:30:00+00:00,8.857505798339844
2012-04-20T13:30:00+00:00,9.393056869506836
2012-04-23T13:30:00+00:00,9.267629623413086
2012-04-24T13:30:00+00:00,9.361201286315918
2012-04-25T13:30:00+00:00,9.472691535949707
2012-04-26T13:30:00+00:00,9.520634651184082
2012-04-27T13:30:00+00:00,9.730381965637207
2012-04-30T13:30:00+00:00,9.508652687072754
2012-05-01T13:30:00+00:00,9.518638610839844
2012-05-02T13:30:00+00:00,9.538615226745605
2012-05-03T13:30:00+00:00,9.406770706176758
2012-05-04T13:30:00+00:00,9.252954483032227
2012-05-07T13:30:00+00:00,9.27892780303955
2012-05-08T13:30:00+00:00,9.268936157226562
2012-05-09T13:30:00+00:00,9.25096321105957
2012-05-10T13:30:00+00:00,9.302897453308105
2012-05-11T13:30:00+00:00,9.25096321105957
2012-05-14T13:30:00+00:00,9.03920841217041
2012-05-15T13:30:00+00:00,9.264939308166504
2012-05-16T13:30:00+00:00,9.061188697814941
2012-05-17T13:30:00+00:00,8.773526191711426
2012-05-18T13:30:00+00:00,8.71159839630127
2012-05-21T13:30:00+00:00,8.911361694335938
2012-05-22T13:30:00+00:00,8.963299751281738
2012-05-23T13:30:00+00:00,9.15906810760498
2012-05-24T13:30:00+00:00,9.220993995666504
2012-05-25T13:30:00+00:00,9.069171905517578
2012-05-29T13:30:00+00:00,9.322875022888184
2012-05-30T13:30:00+00:00,9.091145515441895
2012-05-31T13:30:00+00:00,9.220993995666504
2012-06-01T13:30:00+00:00,8.913360595703125
2012-06-04T13:30:00+00:00,8.817476272583008
2012-06-05T13:30:00+00:00,8.951313018798828
2012-06-06T13:30:00+00:00,9.290910720825195
2012-06-07T13:30:00+00:00,9.380803108215332
2012-06-08T13:30:00+00:00,9.576566696166992
2012-06-11T13:30:00+00:00,9.30688762664795
2012-06-12T13:30:00+00:00,9.454713821411133
2012-06-13T13:30:00+00:00,9.302897453308105
2012-06-14T13:30:00+00:00,9.508652687072754
2012-06-15T13:30:00+00:00,9.550599098205566
2012-06-18T13:30:00+00:00,9.586557388305664
2012-06-19T13:30:00+00:00,9.7503662109375
2012-06-20T13:30:00+00:00,9.542607307434082
2012-06-21T13:30:00+00:00,9.240965843200684
2012-06-22T13:30:00+00:00,9.211006164550781
2012-06-25T13:30:00+00:00,9.069171905517578
2012-06-26T13:30:00+00:00,9.296904563903809
2012-06-27T13:30:00+00:00,9.530621528625488
2012-06-28T13:30:00+00:00,9.464700698852539
2012-06-29T13:30:00+00:00,9.766338348388672
2012-07-02T13:30:00+00:00,9.80229377746582
2012-07-03T13:30:00+00:00,9.83226203918457
2012-07-05T13:30:00+00:00,9.908173561096191
2012-07-06T13:30:00+00:00,9.752360343933105
2012-07-09T13:30:00+00:00,9.766338348388672
2012-07-10T13:30:00+00:00,9.6984224319458
2012-07-11T13:30:00+00:00,9.506650924682617
2012-07-12T13:30:00+00:00,9.658469200134277
2012-07-13T13:30:00+00:00,9.936139106750488
2012-07-16T13:30:00+00:00,9.83226203918457
2012-07-17T13:30:00+00:00,9.808289527893066
2012-07-18T13:30:00+00:00,10.405580520629883
2012-07-19T13:30:00+00:00,10.25975513458252
2012-07-20T13:30:00+00:00,10.215804100036621
2012-07-23T13:30:00+00:00,10.127909660339355
2012-07-24T13:30:00+00:00,10.008055686950684
2012-07-25T13:30:00+00:00,9.784317970275879
2012-07-26T13:30:00+00:00,9.930145263671875
2012-07-27T13:30:00+00:00,10.196903228759766
2012-07-30T13:30:00+00:00,10.106645584106445
2012-07-31T13:30:00+00:00,9.912096977233887
2012-08-01T13:30:00+00:00,9.761667251586914
2012-08-02T13:30:00+00:00,9.849920272827148
2012-08-03T13:30:00+00:00,10.016386032104492
2012-08-06T13:30:00+00:00,9.990313529968262
2012-08-07T13:30:00+00:00,10.05249309539795
2012-08-08T13:30:00+00:00,10.283148765563965
2012-08-09T13:30:00+00:00,10.373404502868652
2012-08-10T13:30:00+00:00,10.319249153137207
2012-08-13T13:30:00+00:00,10.305209159851074
2012-08-14T13:30:00+00:00,10.247044563293457
2012-08-15T13:30:00+00:00,10.399476051330566
2012-08-16T13:30:00+00:00,10.700329780578613
2012-08-17T13:30:00+00:00,10.728408813476562
2012-08-20T13:30:00+00:00,10.698325157165527
2012-08-21T13:30:00+00:00,10.614081382751465
2012-08-22T13:30:00+00:00,10.606061935424805
2012-08-23T13:30:00+00:00,10.722392082214355
2012-08-24T13:30:00+00:00,10.76050090789795
2012-08-27T13:30:00+00:00,10.84875202178955
2012-08-28T13:30:00+00:00,10.856772422790527
2012-08-29T13:30:00+00:00,10.892873764038086
2012-08-30T13:30:00+00:00,10.728408813476562
2012-08-31T13:30:00+00:00,10.973103523254395
2012-09-04T13:30:00+00:00,11.043301582336426
2012-09-05T13:30:00+00:00,10.957056045532227
2012-09-06T13:30:00+00:00,11.145588874816895
2012-09-07T13:30:00+00:00,11.139575958251953
2012-09-10T13:30:00+00:00,11.063360214233398
2012-09-11T13:30:00+00:00,11.153614044189453
2012-09-12T13:30:00+00:00,11.277968406677246
2012-09-13T13:30:00+00:00,11.33613395690918
2012-09-14T13:30:00+00:00,11.332117080688477
2012-09-17T13:30:00+00:00,11.181692123413086
2012-09-18T13:30:00+00:00,11.340145111083984
2012-09-19T13:30:00+00:00,11.584835052490234
2012-09-20T13:30:00+00:00,11.524665832519531
2012-09-21T13:30:00+00:00,11.649020195007324
2012-09-24T13:30:00+00:00,11.649020195007324
2012-09-25T13:30:00+00:00,11.528677940368652
2012-09-26T13:30:00+00:00,11.304040908813477
2012-09-27T13:30:00+00:00,11.604890823364258
2012-09-28T13:30:00+00:00,11.540712356567383
2012-10-01T13:30:00+00:00,11.482545852661133
2012-10-02T13:30:00+00:00,11.440430641174316
2012-10-03T13:30:00+00:00,11.470515251159668
2012-10-04T13:30:00+00:00,11.604890823364258
2012-10-05T13:30:00+00:00,11.630971908569336
2012-10-08T13:30:00+00:00,11.602887153625488
2012-10-09T13:30:00+00:00,11.536700248718262
2012-10-10T13:30:00+00:00,11.38627815246582
2012-10-11T13:30:00+00:00,11.296018600463867
2012-10-12T13:30:00+00:00,11.219799995422363
2012-10-15T13:30:00+00:00,11.257913589477539
2012-10-16T13:30:00+00:00,11.231834411621094
2012-10-17T13:30:00+00:00,11.5828275680542
2012-10-18T13:30:00+00:00,11.841562271118164
2012-10-19T13:30:00+00:00,11.817496299743652
2012-10-22T13:30:00+00:00,11.90775203704834
2012-10-23T13:30:00+00:00,11.933826446533203
2012-10-24T13:30:00+00:00,11.979955673217773
2012-10-25T13:30:00+00:00,11.881677627563477
2012-10-26T13:30:00+00:00,12.016057014465332
2012-10-31T13:30:00+00:00,12.229372024536133
2012-11-01T13:30:00+00:00,12.422564506530762
2012-11-02T13:30:00+00:00,12.066370964050293
2012-11-05T14:30:00+00:00,12.183086395263672
2012-11-06T14:30:00+00:00,12.406465530395508
2012-11-07T14:30:00+00:00,12.03819465637207
2012-11-08T14:30:00+00:00,11.989899635314941
2012-11-09T14:30:00+00:00,11.95367431640625
2012-11-12T14:30:00+00:00,11.95367431640625
2012-11-13T14:30:00+00:00,11.995935440063477
2012-11-14T14:30:00+00:00,11.804756164550781
2012-11-15T14:30:00+00:00,11.744383811950684
2012-11-16T14:30:00+00:00,11.987887382507324
2012-11-19T14:30:00+00:00,12.156927108764648
2012-11-20T14:30:00+00:00,12.404450416564941
2012-11-21T14:30:00+00:00,12.273645401000977
2012-11-23T14:30:00+00:00,12.470863342285156
2012-11-26T14:30:00+00:00,12.424578666687012
2012-11-27T14:30:00+00:00,12.44469928741455
2012-11-28T14:30:00+00:00,12.338045120239258
2012-11-29T14:30:00+00:00,12.617765426635742
2012-11-30T14:30:00+00:00,12.668076515197754
2012-12-03T14:30:00+00:00,12.690215110778809
2012-12-04T14:30:00+00:00,12.760648727416992
2012-12-05T14:30:00+00:00,12.748575210571289
2012-12-06T14:30:00+00:00,12.700272560119629
2012-12-07T14:30:00+00:00,12.521171569824219
2012-12-10T14:30:00+00:00,12.635878562927246
2012-12-11T14:30:00+00:00,12.488972663879395
2012-12-12T14:30:00+00:00,12.422564506530762
2012-12-13T14:30:00+00:00,12.468850135803223
2012-12-14T14:30:00+00:00,12.283708572387695
2012-12-17T14:30:00+00:00,12.27565860748291
2012-12-18T14:30:00+00:00,12.668076515197754
2012-12-19T14:30:00+00:00,12.794858932495117
2012-12-20T14:30:00+00:00,12.750587463378906
2012-12-21T14:30:00+00:00,12.535259246826172
2012-12-24T14:30:00+00:00,12.509096145629883
2012-12-26T14:30:00+00:00,12.4386625289917
2012-12-27T14:30:00+00:00,12.448722839355469
2012-12-28T14:30:00+00:00,12.44469928741455
2012-12-31T14:30:00+00:00,12.692227363586426
2013-01-02T14:30:00+00:00,13.002137184143066
2013-01-03T14:30:00+00:00,12.798880577087402
2013-01-04T14:30:00+00:00,12.937742233276367
2013-01-07T14:30:00+00:00,12.794858932495117
2013-01-08T14:30:00+00:00,13.03835678100586
2013-01-09T14:30:00+00:00,12.953838348388672
2013-01-10T14:30:00+00:00,13.06049633026123
2013-01-11T14:30:00+00:00,12.996099472045898
2013-01-14T14:30:00+00:00,13.291923522949219
2013-01-15T14:30:00+00:00,13.249663352966309
2013-01-16T14:30:00+00:00,13.06049633026123
2013-01-17T14:30:00+00:00,13.491151809692383
2013-01-18T14:30:00+00:00,13.593786239624023
2013-01-22T14:30:00+00:00,13.694403648376465
2013-01-23T14:30:00+00:00,13.577682495117188
2013-01-24T14:30:00+00:00,13.939911842346191
2013-01-25T14:30:00+00:00,14.08481216430664
2013-01-28T14:30:00+00:00,14.131094932556152
2013-01-29T14:30:00+00:00,14.209805488586426
2013-01-30T14:30:00+00:00,13.995881080627441
2013-01-31T14:30:00+00:00,13.981745719909668
2013-02-01T14:30:00+00:00,14.11696720123291
2013-02-04T14:30:00+00:00,13.951478958129883
2013-02-05T14:30:00+00:00,14.106877326965332
2013-02-06T14:30:00+00:00,14.125042915344238
2013-02-07T14:30:00+00:00,14.040276527404785
2013-02-08T14:30:00+00:00,14.11696720123291
2013-02-11T14:30:00+00:00,14.10889720916748
2013-02-12T14:30:00+00:00,14.23402214050293
2013-02-13T14:30:00+00:00,14.338966369628906
2013-02-14T14:30:00+00:00,14.411619186401367
2013-02-15T14:30:00+00:00,14.524635314941406
2013-02-19T14:30:00+00:00,14.611413955688477
2013-02-20T14:30:00+00:00,14.201727867126465
2013-02-21T14:30:00+00:00,14.018075942993164
2013-02-22T14:30:00+00:00,14.254202842712402
2013-02-25T14:30:00+00:00,13.80617618560791
2013-02-26T14:30:00+00:00,14.149258613586426
2013-02-27T14:30:00+00:00,14.399514198303223
2013-02-28T14:30:00+00:00,14.43584156036377
2013-03-01T14:30:00+00:00,14.464093208312988
2013-03-04T14:30:00+00:00,14.615450859069824
2013-03-05T14:30:00+00:00,14.766816139221191
2013-03-06T14:30:00+00:00,14.789010047912598
2013-03-07T14:30:00+00:00,14.760763168334961
2013-03-08T14:30:00+00:00,14.750664710998535
2013-03-11T13:30:00+00:00,14.726449012756348
2013-03-12T13:30:00+00:00,14.692143440246582
2013-03-13T13:30:00+00:00,14.708281517028809
2013-03-14T13:30:00+00:00,14.924226760864258
2013-03-15T13:30:00+00:00,14.861659049987793
2013-03-18T13:30:00+00:00,14.756728172302246
2013-03-19T13:30:00+00:00,14.82130241394043
2013-03-20T13:30:00+00:00,15.069535255432129
2013-03-21T13:30:00+00:00,14.760763168334961
2013-03-22T13:30:00+00:00,14.851569175720215
2013-03-25T13:30:00+00:00,14.750664710998535
2013-03-26T13:30:00+00:00,14.784976959228516
2013-03-27T13:30:00+00:00,14.845518112182617
2013-03-28T13:30:00+00:00,14.847539901733398
2013-04-01T13:30:00+00:00,14.399514198303223
2013-04-02T13:30:00+00:00,14.274383544921875
2013-04-03T13:30:00+00:00,13.622523307800293
2013-04-04T13:30:00+00:00,13.931303977966309
2013-04-05T13:30:00+00:00,13.923225402832031
2013-04-08T13:30:00+00:00,13.923225402832031
2013-04-09T13:30:00+00:00,13.788012504577637
2013-04-10T13:30:00+00:00,13.91112232208252
2013-04-11T13:30:00+00:00,14.03422737121582
2013-04-12T13:30:00+00:00,14.094765663146973
2013-04-15T13:30:00+00:00,13.525646209716797
2013-04-16T13:30:00+00:00,13.921208381652832
2013-04-17T13:30:00+00:00,14.02614974975586
2013-04-18T13:30:00+00:00,13.862676620483398
2013-04-19T13:30:00+00:00,13.935335159301758
2013-04-22T13:30:00+00:00,14.104853630065918
2013-04-23T13:30:00+00:00,14.805158615112305
2013-04-24T13:30:00+00:00,15.06751823425293
2013-04-25T13:30:00+00:00,15.21531867980957
2013-04-26T13:30:00+00:00,15.352984428405762
2013-04-29T13:30:00+00:00,15.211268424987793
2013-04-30T13:30:00+00:00,15.272007942199707
2013-05-01T13:30:00+00:00,14.856952667236328
2013-05-02T13:30:00+00:00,15.288204193115234
2013-05-03T13:30:00+00:00,15.492695808410645
2013-05-06T13:30:00+00:00,15.636436462402344
2013-05-07T13:30:00+00:00,15.672895431518555
2013-05-08T13:30:00+00:00,15.648602485656738
2013-05-09T13:30:00+00:00,15.707308769226074
2013-05-10T13:30:00+00:00,15.782219886779785
2013-05-13T13:30:00+00:00,15.79841423034668
2013-05-14T13:30:00+00:00,16.138559341430664
2013-05-15T13:30:00+00:00,16.177032470703125
2013-05-16T13:30:00+00:00,16.043397903442383
2013-05-17T13:30:00+00:00,16.079853057861328
2013-05-20T13:30:00+00:00,16.140588760375977
2013-05-21T13:30:00+00:00,16.051504135131836
2013-05-22T13:30:00+00:00,15.711359977722168
2013-05-23T13:30:00+00:00,15.764005661010742
2013-05-24T13:30:00+00:00,15.747800827026367
2013-05-28T13:30:00+00:00,15.808542251586914
2013-05-29T13:30:00+00:00,15.674912452697754
2013-05-30T13:30:00+00:00,15.832832336425781
2013-05-31T13:30:00+00:00,15.873330116271973
2013-06-03T13:30:00+00:00,15.808542251586914
2013-06-04T13:30:00+00:00,15.484601974487305
2013-06-05T13:30:00+00:00,15.4522066116333
2013-06-06T13:30:00+00:00,15.618221282958984
2013-06-07T13:30:00+00:00,15.70326042175293
2013-06-10T13:30:00+00:00,15.727553367614746
2013-06-11T13:30:00+00:00,15.521042823791504
2013-06-12T13:30:00+00:00,15.480549812316895
2013-06-13T13:30:00+00:00,15.65467357635498
2013-06-14T13:30:00+00:00,15.618221282958984
2013-06-17T13:30:00+00:00,15.816642761230469
2013-06-18T13:30:00+00:00,15.901676177978516
2013-06-19T13:30:00+00:00,15.70326042175293
2013-06-20T13:30:00+00:00,14.909592628479004
2013-06-21T13:30:00+00:00,14.816462516784668
2013-06-24T13:30:00+00:00,14.45201587677002
2013-06-25T13:30:00+00:00,14.609945297241211
2013-06-26T13:30:00+00:00,14.670685768127441
2013-06-27T13:30:00+00:00,15.06751823425293
2013-06-28T13:30:00+00:00,14.690925598144531
2013-07-01T13:30:00+00:00,15.13231372833252
2013-07-02T13:30:00+00:00,14.966282844543457
2013-07-03T13:30:00+00:00,15.188995361328125
2013-07-05T13:30:00+00:00,15.310474395751953
2013-07-08T13:30:00+00:00,15.11611270904541
2013-07-09T13:30:00+00:00,15.346918106079102
2013-07-10T13:30:00+00:00,15.346918106079102
2013-07-11T13:30:00+00:00,15.577730178833008
2013-07-12T13:30:00+00:00,15.65467357635498
2013-07-15T13:30:00+00:00,15.573678970336914
2013-07-16T13:30:00+00:00,15.593928337097168
2013-07-17T13:30:00+00:00,15.7599515914917
2013-07-18T13:30:00+00:00,15.89357852935791
2013-07-19T13:30:00+00:00,16.330904006958008
2013-07-22T13:30:00+00:00,16.237770080566406
2013-07-23T13:30:00+00:00,16.278263092041016
2013-07-24T13:30:00+00:00,16.68724250793457
2013-07-25T13:30:00+00:00,16.662948608398438
2013-07-26T13:30:00+00:00,16.577913284301758
2013-07-29T13:30:00+00:00,16.456083297729492
2013-07-30T13:30:00+00:00,16.720060348510742
2013-07-31T13:30:00+00:00,16.780973434448242
2013-08-01T13:30:00+00:00,17.08556365966797
2013-08-02T13:30:00+00:00,17.118061065673828
2013-08-05T13:30:00+00:00,17.118061065673828
2013-08-06T13:30:00+00:00,16.923124313354492
2013-08-07T13:30:00+00:00,16.768795013427734
2013-08-08T13:30:00+00:00,16.955610275268555
2013-08-09T13:30:00+00:00,17.000276565551758
2013-08-12T13:30:00+00:00,16.984037399291992
2013-08-13T13:30:00+00:00,17.345487594604492
2013-08-14T13:30:00+00:00,17.178974151611328
2013-08-15T13:30:00+00:00,17.077442169189453
2013-08-16T13:30:00+00:00,17.134302139282227
2013-08-19T13:30:00+00:00,16.862197875976562
2013-08-20T13:30:00+00:00,16.97997283935547
2013-08-21T13:30:00+00:00,17.109935760498047
2013-08-22T13:30:00+00:00,17.455135345458984
2013-08-23T13:30:00+00:00,17.42265510559082
2013-08-26T13:30:00+00:00,17.621644973754883
2013-08-27T13:30:00+00:00,17.12211799621582
2013-08-28T13:30:00+00:00,17.174915313720703
2013-08-29T13:30:00+00:00,17.296749114990234
2013-08-30T13:30:00+00:00,17.077442169189453
2013-09-03T13:30:00+00:00,17.292688369750977
2013-09-04T13:30:00+00:00,17.357662200927734
2013-09-05T13:30:00+00:00,17.442947387695312
2013-09-06T13:30:00+00:00,17.48763084411621
2013-09-09T13:30:00+00:00,17.96278953552246
2013-09-10T13:30:00+00:00,18.09274673461914
2013-09-11T13:30:00+00:00,18.09681510925293
2013-09-12T13:30:00+00:00,17.9749813079834
2013-09-13T13:30:00+00:00,17.946548461914062
2013-09-16T13:30:00+00:00,18.068382263183594
2013-09-17T13:30:00+00:00,18.19428062438965
2013-09-18T13:30:00+00:00,18.442014694213867
2013-09-19T13:30:00+00:00,18.340484619140625
2013-09-20T13:30:00+00:00,18.206466674804688
2013-09-23T13:30:00+00:00,18.15772819519043
2013-09-24T13:30:00+00:00,18.26738166809082
2013-09-25T13:30:00+00:00,18.20240592956543
2013-09-26T13:30:00+00:00,18.291749954223633
2013-09-27T13:30:00+00:00,18.226774215698242
2013-09-30T13:30:00+00:00,18.356731414794922
2013-10-01T13:30:00+00:00,18.498876571655273
2013-10-02T13:30:00+00:00,18.43795394897461
2013-10-03T13:30:00+00:00,18.190214157104492
2013-10-04T13:30:00+00:00,18.24707794189453
2013-10-07T13:30:00+00:00,17.954669952392578
2013-10-08T13:30:00+00:00,17.66632080078125
2013-10-09T13:30:00+00:00,17.605403900146484
2013-10-10T13:30:00+00:00,18.09274673461914
2013-10-11T13:30:00+00:00,18.446077346801758
2013-10-14T13:30:00+00:00,18.397342681884766
2013-10-15T13:30:00+00:00,18.48263168334961
2013-10-16T13:30:00+00:00,18.486690521240234
2013-10-17T13:30:00+00:00,18.775026321411133
2013-10-18T13:30:00+00:00,18.986217498779297
2013-10-21T13:30:00+00:00,20.448253631591797
2013-10-22T13:30:00+00:00,20.87061882019043
2013-10-23T13:30:00+00:00,20.40764617919922
2013-10-24T13:30:00+00:00,20.375158309936523
2013-10-25T13:30:00+00:00,20.610708236694336
2013-10-28T13:30:00+00:00,20.56197166442871
2013-10-29T13:30:00+00:00,20.651533126831055
2013-10-30T13:30:00+00:00,20.472421646118164
2013-10-31T13:30:00+00:00,21.026058197021484
2013-11-01T13:30:00+00:00,21.469778060913086
2013-11-04T14:30:00+00:00,21.245880126953125
2013-11-05T14:30:00+00:00,21.396503448486328
2013-11-06T14:30:00+00:00,21.41278076171875
2013-11-07T14:30:00+00:00,21.1033992767334
2013-11-08T14:30:00+00:00,21.449420928955078
2013-11-11T14:30:00+00:00,21.555255889892578
2013-11-12T14:30:00+00:00,21.65703582763672
2013-11-13T14:30:00+00:00,22.112974166870117
2013-11-14T14:30:00+00:00,22.194395065307617
2013-11-15T14:30:00+00:00,22.141468048095703
2013-11-18T14:30:00+00:00,21.86872673034668
2013-11-19T14:30:00+00:00,21.76287841796875
2013-11-20T14:30:00+00:00,21.90128517150879
2013-11-21T14:30:00+00:00,22.13740348815918
2013-11-22T14:30:00+00:00,22.24323844909668
2013-11-25T14:30:00+00:00,22.198469161987305
2013-11-26T14:30:00+00:00,22.340946197509766
2013-11-27T14:30:00+00:00,22.190326690673828
2013-11-29T14:30:00+00:00,22.04376792907715
2013-12-02T14:30:00+00:00,21.917573928833008
2013-12-03T14:30:00+00:00,21.669252395629883
2013-12-04T14:30:00+00:00,21.522701263427734
2013-12-05T14:30:00+00:00,21.380216598510742
2013-12-06T14:30:00+00:00,21.60411834716797
2013-12-09T14:30:00+00:00,21.563417434692383
2013-12-10T14:30:00+00:00,21.52677345275879
2013-12-11T14:30:00+00:00,21.1970272064209
2013-12-12T14:30:00+00:00,21.347652435302734
2013-12-13T14:30:00+00:00,21.37207794189453
2013-12-16T14:30:00+00:00,21.648893356323242
2013-12-17T14:30:00+00:00,21.632610321044922
2013-12-18T14:30:00+00:00,21.91350555419922
2013-12-19T14:30:00+00:00,21.461639404296875
2013-12-20T14:30:00+00:00,21.978635787963867
2013-12-23T14:30:00+00:00,21.982704162597656
2013-12-24T14:30:00+00:00,22.096691131591797
2013-12-26T14:30:00+00:00,22.047832489013672
2013-12-27T14:30:00+00:00,21.9908504486084
2013-12-30T14:30:00+00:00,22.015275955200195
2013-12-31T14:30:00+00:00,21.958284378051758
2014-01-02T14:30:00+00:00,21.70588493347168
2014-01-03T14:30:00+00:00,21.701820373535156
2014-01-06T14:30:00+00:00,21.6855411529541
2014-01-07T14:30:00+00:00,21.473852157592773
2014-01-08T14:30:00+00:00,21.22959327697754
2014-01-09T14:30:00+00:00,21.363937377929688
2014-01-10T14:30:00+00:00,21.384288787841797
2014-01-13T14:30:00+00:00,20.964984893798828
2014-01-14T14:30:00+00:00,21.37614631652832
2014-01-15T14:30:00+00:00,21.388362884521484
2014-01-16T14:30:00+00:00,21.221452713012695
2014-01-17T14:30:00+00:00,21.22959327697754
2014-01-21T14:30:00+00:00,21.042335510253906
2014-01-22T14:30:00+00:00,21.25809669494629
2014-01-23T14:30:00+00:00,21.2540283203125
2014-01-24T14:30:00+00:00,20.431711196899414
2014-01-27T14:30:00+00:00,20.016475677490234
2014-01-28T14:30:00+00:00,19.548328399658203
2014-01-29T14:30:00+00:00,19.450626373291016
2014-01-30T14:30:00+00:00,19.462841033935547
2014-01-31T14:30:00+00:00,19.2226619720459
2014-02-03T14:30:00+00:00,18.555038452148438
2014-02-04T14:30:00+00:00,18.681228637695312
2014-02-05T14:30:00+00:00,18.848684310913086
2014-02-06T14:30:00+00:00,18.73432731628418
2014-02-07T14:30:00+00:00,19.09782600402832
2014-02-10T14:30:00+00:00,19.069232940673828
2014-02-11T14:30:00+00:00,19.33878517150879
2014-02-12T14:30:00+00:00,19.62468719482422
2014-02-13T14:30:00+00:00,19.706363677978516
2014-02-14T14:30:00+00:00,19.698200225830078
2014-02-18T14:30:00+00:00,19.718626022338867
2014-02-19T14:30:00+00:00,19.881986618041992
2014-02-20T14:30:00+00:00,20.065780639648438
2014-02-21T14:30:00+00:00,20.037185668945312
2014-02-24T14:30:00+00:00,19.963668823242188
2014-02-25T14:30:00+00:00,19.592012405395508
2014-02-26T14:30:00+00:00,20.094369888305664
2014-02-27T14:30:00+00:00,20.245487213134766
2014-02-28T14:30:00+00:00,20.298582077026367
2014-03-03T14:30:00+00:00,19.95550537109375
2014-03-04T14:30:00+00:00,20.200563430786133
2014-03-05T14:30:00+00:00,20.000429153442383
2014-03-06T14:30:00+00:00,19.873825073242188
2014-03-07T14:30:00+00:00,20.061697006225586
2014-03-10T13:30:00+00:00,19.963668823242188
2014-03-11T13:30:00+00:00,19.579755783081055
2014-03-12T13:30:00+00:00,19.424560546875
2014-03-13T13:30:00+00:00,18.97938346862793
2014-03-14T13:30:00+00:00,18.722078323364258
2014-03-17T13:30:00+00:00,19.05289649963379
2014-03-18T13:30:00+00:00,19.199928283691406
2014-03-19T13:30:00+00:00,18.94261932373047
2014-03-20T13:30:00+00:00,18.648557662963867
2014-03-21T13:30:00+00:00,18.566869735717773
2014-03-24T13:30:00+00:00,18.607709884643555
2014-03-25T13:30:00+00:00,18.995718002319336
2014-03-26T13:30:00+00:00,18.321819305419922
2014-03-27T13:30:00+00:00,18.48518943786621
2014-03-28T13:30:00+00:00,18.742488861083984
2014-03-31T13:30:00+00:00,18.795589447021484
2014-04-01T13:30:00+00:00,18.93853759765625
2014-04-02T13:30:00+00:00,19.118242263793945
2014-04-03T13:30:00+00:00,19.10598373413086
2014-04-04T13:30:00+00:00,18.832345962524414
2014-04-07T13:30:00+00:00,18.293228149414062
2014-04-08T13:30:00+00:00,18.293228149414062
2014-04-09T13:30:00+00:00,18.49335479736328
2014-04-10T13:30:00+00:00,18.24830436706543
2014-04-11T13:30:00+00:00,18.50560760498047
2014-04-14T13:30:00+00:00,18.26871681213379
2014-04-15T13:30:00+00:00,18.664888381958008
2014-04-16T13:30:00+00:00,18.766996383666992
2014-04-17T13:30:00+00:00,19.003887176513672
2014-04-21T13:30:00+00:00,19.122329711914062
2014-04-22T13:30:00+00:00,19.085573196411133
2014-04-23T13:30:00+00:00,19.306114196777344
2014-04-24T13:30:00+00:00,19.469484329223633
2014-04-25T13:30:00+00:00,19.261194229125977
2014-04-28T13:30:00+00:00,19.15056037902832
2014-04-29T13:30:00+00:00,19.171056747436523
2014-04-30T13:30:00+00:00,19.15876579284668
2014-05-01T13:30:00+00:00,19.343135833740234
2014-05-02T13:30:00+00:00,19.576677322387695
2014-05-05T13:30:00+00:00,19.41689109802246
2014-05-06T13:30:00+00:00,19.09320831298828
2014-05-07T13:30:00+00:00,19.09730339050293
2014-05-08T13:30:00+00:00,19.24070167541504
2014-05-09T13:30:00+00:00,19.31035804748535
2014-05-12T13:30:00+00:00,19.916748046875
2014-05-13T13:30:00+00:00,19.56438446044922
2014-05-14T13:30:00+00:00,19.367717742919922
2014-05-15T13:30:00+00:00,19.371814727783203
2014-05-16T13:30:00+00:00,19.59716033935547
2014-05-19T13:30:00+00:00,20.031471252441406
2014-05-20T13:30:00+00:00,19.740571975708008
2014-05-21T13:30:00+00:00,19.781539916992188
2014-05-22T13:30:00+00:00,19.953622817993164
2014-05-23T13:30:00+00:00,20.322376251220703
2014-05-27T13:30:00+00:00,20.40842628479004
2014-05-28T13:30:00+00:00,20.37564468383789
2014-05-29T13:30:00+00:00,20.3592529296875
2014-05-30T13:30:00+00:00,20.23223304748535
2014-06-02T13:30:00+00:00,20.39613151550293
2014-06-03T13:30:00+00:00,20.043766021728516
2014-06-04T13:30:00+00:00,20.166685104370117
2014-06-05T13:30:00+00:00,20.26092529296875
2014-06-06T13:30:00+00:00,20.4821720123291
2014-06-09T13:30:00+00:00,20.924684524536133
2014-06-10T13:30:00+00:00,20.859119415283203
2014-06-11T13:30:00+00:00,20.809947967529297
2014-06-12T13:30:00+00:00,20.535438537597656
2014-06-13T13:30:00+00:00,20.45758056640625
2014-06-16T13:30:00+00:00,20.338760375976562
2014-06-17T13:30:00+00:00,20.400232315063477
2014-06-18T13:30:00+00:00,20.37564468383789
2014-06-19T13:30:00+00:00,20.400232315063477
2014-06-20T13:30:00+00:00,20.310087203979492
2014-06-23T13:30:00+00:00,20.26092529296875
2014-06-24T13:30:00+00:00,20.18717384338379
2014-06-25T13:30:00+00:00,20.281404495239258
2014-06-26T13:30:00+00:00,20.051958084106445
2014-06-27T13:30:00+00:00,20.23223304748535
2014-06-30T13:30:00+00:00,20.31418800354004
2014-07-01T13:30:00+00:00,20.387937545776367
2014-07-02T13:30:00+00:00,20.113418579101562
2014-07-03T13:30:00+00:00,20.293699264526367
2014-07-07T13:30:00+00:00,19.773347854614258
2014-07-08T13:30:00+00:00,19.826618194580078
2014-07-09T13:30:00+00:00,19.789731979370117
2014-07-10T13:30:00+00:00,19.507028579711914
2014-07-11T13:30:00+00:00,19.486541748046875
2014-07-14T13:30:00+00:00,19.675010681152344
2014-07-15T13:30:00+00:00,19.519315719604492
2014-07-16T13:30:00+00:00,19.531604766845703
2014-07-17T13:30:00+00:00,19.08910369873047
2014-07-18T13:30:00+00:00,19.22021484375
2014-07-21T13:30:00+00:00,19.248899459838867
2014-07-22T13:30:00+00:00,20.691131591796875
2014-07-23T13:30:00+00:00,20.445295333862305
2014-07-24T13:30:00+00:00,20.26911163330078
2014-07-25T13:30:00+00:00,20.29779624938965
2014-07-28T13:30:00+00:00,19.89626121520996
2014-07-29T13:30:00+00:00,19.489376068115234
2014-07-30T13:30:00+00:00,19.489376068115234
2014-07-31T13:30:00+00:00,19.193464279174805
2014-08-01T13:30:00+00:00,19.341415405273438
2014-08-04T13:30:00+00:00,19.518150329589844
2014-08-05T13:30:00+00:00,19.625
2014-08-06T13:30:00+00:00,19.44827651977539
2014-08-07T13:30:00+00:00,19.263320922851562
2014-08-08T13:30:00+00:00,19.89215660095215
2014-08-11T13:30:00+00:00,19.78118133544922
2014-08-12T13:30:00+00:00,19.551027297973633
2014-08-13T13:30:00+00:00,19.641448974609375
2014-08-14T13:30:00+00:00,19.871606826782227
2014-08-15T13:30:00+00:00,19.809955596923828
2014-08-18T13:30:00+00:00,20.138751983642578
2014-08-19T13:30:00+00:00,20.30725860595703
2014-08-20T13:30:00+00:00,20.25383186340332
2014-08-21T13:30:00+00:00,20.12230682373047
2014-08-22T13:30:00+00:00,20.07710075378418
2014-08-25T13:30:00+00:00,20.1593017578125
2014-08-26T13:30:00+00:00,20.171627044677734
2014-08-27T13:30:00+00:00,20.18807029724121
2014-08-28T13:30:00+00:00,20.155189514160156
2014-08-29T13:30:00+00:00,20.171627044677734
2014-09-02T13:30:00+00:00,20.303150177001953
2014-09-03T13:30:00+00:00,20.286714553833008
2014-09-04T13:30:00+00:00,20.426450729370117
2014-09-05T13:30:00+00:00,20.33603286743164
2014-09-08T13:30:00+00:00,20.303150177001953
2014-09-09T13:30:00+00:00,20.138751983642578
2014-09-10T13:30:00+00:00,20.14697265625
2014-09-11T13:30:00+00:00,20.200401306152344
2014-09-12T13:30:00+00:00,20.167524337768555
2014-09-15T13:30:00+00:00,20.13052749633789
2014-09-16T13:30:00+00:00,20.53330421447754
2014-09-17T13:30:00+00:00,20.51275634765625
2014-09-18T13:30:00+00:00,20.51275634765625
2014-09-19T13:30:00+00:00,20.23738670349121
2014-09-22T13:30:00+00:00,19.953805923461914
2014-09-23T13:30:00+00:00,19.863386154174805
2014-09-24T13:30:00+00:00,19.970245361328125
2014-09-25T13:30:00+00:00,19.900373458862305
2014-09-26T13:30:00+00:00,19.933250427246094
2014-09-29T13:30:00+00:00,19.748300552368164
2014-09-30T13:30:00+00:00,19.431838989257812
2014-10-01T13:30:00+00:00,19.209903717041016
2014-10-02T13:30:00+00:00,19.23867416381836
2014-10-03T13:30:00+00:00,19.267440795898438
2014-10-06T13:30:00+00:00,19.452392578125
2014-10-07T13:30:00+00:00,19.230451583862305
2014-10-08T13:30:00+00:00,19.56336212158203
2014-10-09T13:30:00+00:00,19.20168113708496
2014-10-10T13:30:00+00:00,18.84412384033203
2014-10-13T13:30:00+00:00,18.572860717773438
2014-10-14T13:30:00+00:00,18.741361618041992
2014-10-15T13:30:00+00:00,19.00440216064453
2014-10-16T13:30:00+00:00,19.11126136779785
2014-10-17T13:30:00+00:00,19.423616409301758
2014-10-20T13:30:00+00:00,19.666107177734375
2014-10-21T13:30:00+00:00,20.525083541870117
2014-10-22T13:30:00+00:00,20.418224334716797
2014-10-23T13:30:00+00:00,20.845661163330078
2014-10-24T13:30:00+00:00,20.989505767822266
2014-10-27T13:30:00+00:00,21.116920471191406
2014-10-28T13:30:00+00:00,21.62655258178711
2014-10-29T13:30:00+00:00,21.58533477783203
2014-10-30T13:30:00+00:00,21.717233657836914
2014-10-31T13:30:00+00:00,21.9892578125
2014-11-03T14:30:00+00:00,21.960407257080078
2014-11-04T14:30:00+00:00,21.61831283569336
2014-11-05T14:30:00+00:00,21.647157669067383
2014-11-06T14:30:00+00:00,21.902706146240234
2014-11-07T14:30:00+00:00,22.00986671447754
2014-11-10T14:30:00+00:00,22.0593318939209
2014-11-11T14:30:00+00:00,22.10466766357422
2014-11-12T14:30:00+00:00,22.022241592407227
2014-11-13T14:30:00+00:00,21.812028884887695
2014-11-14T14:30:00+00:00,21.91507339477539
2014-11-17T14:30:00+00:00,22.220077514648438
2014-11-18T14:30:00+00:00,22.154125213623047
2014-11-19T14:30:00+00:00,21.96864891052246
2014-11-20T14:30:00+00:00,22.00986671447754
2014-11-21T14:30:00+00:00,22.558059692382812
2014-11-24T14:30:00+00:00,22.574541091918945
2014-11-25T14:30:00+00:00,22.62400245666504
2014-11-26T14:30:00+00:00,22.516843795776367
2014-11-28T14:30:00+00:00,22.228321075439453
2014-12-01T14:30:00+00:00,22.16649055480957
2014-12-02T14:30:00+00:00,22.075824737548828
2014-12-03T14:30:00+00:00,22.760026931762695
2014-12-04T14:30:00+00:00,22.677587509155273
2014-12-05T14:30:00+00:00,22.71880531311035
2014-12-08T14:30:00+00:00,22.306636810302734
2014-12-09T14:30:00+00:00,22.553932189941406
2014-12-10T14:30:00+00:00,22.03047752380371
2014-12-11T14:30:00+00:00,22.319000244140625
2014-12-12T14:30:00+00:00,22.055208206176758
2014-12-15T14:30:00+00:00,22.03459930419922
2014-12-16T14:30:00+00:00,21.873851776123047
2014-12-17T14:30:00+00:00,22.30251121520996
2014-12-18T14:30:00+00:00,22.68170738220215
2014-12-19T14:30:00+00:00,22.446765899658203
2014-12-22T14:30:00+00:00,22.813613891601562
2014-12-23T14:30:00+00:00,23.089754104614258
2014-12-24T14:30:00+00:00,23.159822463989258
2014-12-26T14:30:00+00:00,23.337059020996094
2014-12-29T14:30:00+00:00,23.357662200927734
2014-12-30T14:30:00+00:00,23.407121658325195
2014-12-31T14:30:00+00:00,23.250503540039062
2015-01-02T14:30:00+00:00,23.08563232421875
2015-01-05T14:30:00+00:00,22.68170738220215
2015-01-06T14:30:00+00:00,22.49623680114746
2015-01-07T14:30:00+00:00,22.661100387573242
2015-01-08T14:30:00+00:00,23.250503540039062
2015-01-09T14:30:00+00:00,22.879552841186523
2015-01-12T14:30:00+00:00,22.970230102539062
2015-01-13T14:30:00+00:00,22.871305465698242
2015-01-14T14:30:00+00:00,22.813613891601562
2015-01-15T14:30:00+00:00,22.351970672607422
2015-01-16T14:30:00+00:00,22.529212951660156
2015-01-20T14:30:00+00:00,22.46737289428711
2015-01-21T14:30:00+00:00,22.51271629333496
2015-01-22T14:30:00+00:00,22.982595443725586
2015-01-23T14:30:00+00:00,22.89603614807129
2015-01-26T14:30:00+00:00,23.023807525634766
2015-01-27T14:30:00+00:00,24.618900299072266
2015-01-28T14:30:00+00:00,24.466402053833008
2015-01-29T14:30:00+00:00,24.466402053833008
2015-01-30T14:30:00+00:00,24.487010955810547
2015-02-02T14:30:00+00:00,24.647762298583984
2015-02-03T14:30:00+00:00,25.097023010253906
2015-02-04T14:30:00+00:00,25.266542434692383
2015-02-05T14:30:00+00:00,25.34095573425293
2015-02-06T14:30:00+00:00,25.407121658325195
2015-02-09T14:30:00+00:00,25.378175735473633
2015-02-10T14:30:00+00:00,25.68000602722168
2015-02-11T14:30:00+00:00,25.733755111694336
2015-02-12T14:30:00+00:00,25.907400131225586
2015-02-13T14:30:00+00:00,25.94875144958496
2015-02-17T14:30:00+00:00,25.832979202270508
2015-02-18T14:30:00+00:00,26.03971290588379
2015-02-19T14:30:00+00:00,26.023170471191406
2015-02-20T14:30:00+00:00,26.172016143798828
2015-02-23T14:30:00+00:00,26.271251678466797
2015-02-24T14:30:00+00:00,26.18442153930664
2015-02-25T14:30:00+00:00,26.019039154052734
2015-02-26T14:30:00+00:00,26.25057601928711
2015-02-27T14:30:00+00:00,26.060388565063477
2015-03-02T14:30:00+00:00,26.64750099182129
2015-03-03T14:30:00+00:00,26.130674362182617
2015-03-04T14:30:00+00:00,26.205093383789062
2015-03-05T14:30:00+00:00,26.229909896850586
2015-03-06T14:30:00+00:00,26.06452751159668
2015-03-09T13:30:00+00:00,26.316726684570312
2015-03-10T13:30:00+00:00,26.019039154052734
2015-03-11T13:30:00+00:00,26.114133834838867
2015-03-12T13:30:00+00:00,26.072786331176758
2015-03-13T13:30:00+00:00,25.651058197021484
2015-03-16T13:30:00+00:00,25.95702362060547
2015-03-17T13:30:00+00:00,26.097593307495117
2015-03-18T13:30:00+00:00,26.891437530517578
2015-03-19T13:30:00+00:00,26.56481170654297
2015-03-20T13:30:00+00:00,26.67231559753418
2015-03-23T13:30:00+00:00,26.453170776367188
2015-03-24T13:30:00+00:00,26.519330978393555
2015-03-25T13:30:00+00:00,26.242305755615234
2015-03-26T13:30:00+00:00,26.424230575561523
2015-03-27T13:30:00+00:00,26.80875015258789
2015-03-30T13:30:00+00:00,27.189132690429688
2015-03-31T13:30:00+00:00,27.14779281616211
2015-04-01T13:30:00+00:00,26.97412872314453
2015-04-02T13:30:00+00:00,27.02374839782715
2015-04-06T13:30:00+00:00,27.122974395751953
2015-04-07T13:30:00+00:00,26.796340942382812
2015-04-08T13:30:00+00:00,26.86663055419922
2015-04-09T13:30:00+00:00,26.76740837097168
2015-04-10T13:30:00+00:00,26.86663055419922
2015-04-13T13:30:00+00:00,26.659902572631836
2015-04-14T13:30:00+00:00,27.15192413330078
2015-04-15T13:30:00+00:00,27.1684627532959
2015-04-16T13:30:00+00:00,26.99066925048828
2015-04-17T13:30:00+00:00,26.61855125427246
2015-04-20T13:30:00+00:00,26.88730239868164
2015-04-21T13:30:00+00:00,27.04854965209961
2015-04-22T13:30:00+00:00,27.218074798583984
2015-04-23T13:30:00+00:00,27.143653869628906
2015-04-24T13:30:00+00:00,27.532304763793945
2015-04-27T13:30:00+00:00,27.317298889160156
2015-04-28T13:30:00+00:00,26.952407836914062
2015-04-29T13:30:00+00:00,26.64971351623535
2015-04-30T13:30:00+00:00,26.496292114257812
2015-05-01T13:30:00+00:00,27.184612274169922
2015-05-04T13:30:00+00:00,27.379505157470703
2015-05-05T13:30:00+00:00,27.250959396362305
2015-05-06T13:30:00+00:00,27.375350952148438
2015-05-07T13:30:00+00:00,27.81488800048828
2015-05-08T13:30:00+00:00,28.262712478637695
2015-05-11T13:30:00+00:00,28.270999908447266
2015-05-12T13:30:00+00:00,28.2875919342041
2015-05-13T13:30:00+00:00,28.602720260620117
2015-05-14T13:30:00+00:00,28.814191818237305
2015-05-15T13:30:00+00:00,28.92615509033203
2015-05-18T13:30:00+00:00,28.963468551635742
2015-05-19T13:30:00+00:00,29.07958221435547
2015-05-20T13:30:00+00:00,29.021526336669922
2015-05-21T13:30:00+00:00,28.90542221069336
2015-05-22T13:30:00+00:00,29.15006446838379
2015-05-26T13:30:00+00:00,29.145910263061523
2015-05-27T13:30:00+00:00,29.593746185302734
2015-05-28T13:30:00+00:00,29.693260192871094
2015-05-29T13:30:00+00:00,29.59787940979004
2015-06-01T13:30:00+00:00,29.780351638793945
2015-06-02T13:30:00+00:00,29.51496124267578
2015-06-03T13:30:00+00:00,29.9793701171875
2015-06-04T13:30:00+00:00,29.631065368652344
2015-06-05T13:30:00+00:00,29.635202407836914
2015-06-08T13:30:00+00:00,29.24543571472168
2015-06-09T13:30:00+00:00,29.212255477905273
2015-06-10T13:30:00+00:00,29.4569034576416
2015-06-11T13:30:00+00:00,30.24473762512207
2015-06-12T13:30:00+00:00,30.34841537475586
2015-06-15T13:30:00+00:00,30.178407669067383
2015-06-16T13:30:00+00:00,30.364999771118164
2015-06-17T13:30:00+00:00,30.418901443481445
2015-06-18T13:30:00+00:00,30.547441482543945
2015-06-19T13:30:00+00:00,30.539152145385742
2015-06-22T13:30:00+00:00,30.659412384033203
2015-06-23T13:30:00+00:00,30.667701721191406
2015-06-24T13:30:00+00:00,30.306941986083984
2015-06-25T13:30:00+00:00,30.364999771118164
2015-06-26T13:30:00+00:00,30.443777084350586
2015-06-29T13:30:00+00:00,29.680828094482422
2015-06-30T13:30:00+00:00,29.846689224243164
2015-07-01T13:30:00+00:00,30.427194595336914
2015-07-02T13:30:00+00:00,30.170116424560547
2015-07-06T13:30:00+00:00,30.06230354309082
2015-07-07T13:30:00+00:00,29.162506103515625
2015-07-08T13:30:00+00:00,26.86948013305664
2015-07-09T13:30:00+00:00,27.09754180908203
2015-07-10T13:30:00+00:00,27.516338348388672
2015-07-13T13:30:00+00:00,27.997331619262695
2015-07-14T13:30:00+00:00,28.18807029724121
2015-07-15T13:30:00+00:00,28.179780960083008
2015-07-16T13:30:00+00:00,28.237834930419922
2015-07-17T13:30:00+00:00,28.246129989624023
2015-07-20T13:30:00+00:00,28.764432907104492
2015-07-21T13:30:00+00:00,28.349788665771484
2015-07-22T13:30:00+00:00,28.407835006713867
2015-07-23T13:30:00+00:00,29.99596405029297
2015-07-24T13:30:00+00:00,29.983522415161133
2015-07-27T13:30:00+00:00,29.013233184814453
2015-07-28T13:30:00+00:00,29.22056007385254
2015-07-29T13:30:00+00:00,29.499122619628906
2015-07-30T13:30:00+00:00,29.79433250427246
2015-07-31T13:30:00+00:00,29.86085319519043
2015-08-03T13:30:00+00:00,29.781843185424805
2015-08-04T13:30:00+00:00,29.815113067626953
2015-08-05T13:30:00+00:00,29.977262496948242
2015-08-06T13:30:00+00:00,29.540700912475586
2015-08-07T13:30:00+00:00,29.511600494384766
2015-08-10T13:30:00+00:00,30.006370544433594
2015-08-11T13:30:00+00:00,29.104135513305664
2015-08-12T13:30:00+00:00,28.642637252807617
2015-08-13T13:30:00+00:00,28.929523468017578
2015-08-14T13:30:00+00:00,29.224716186523438
2015-08-17T13:30:00+00:00,29.540700912475586
2015-08-18T13:30:00+00:00,29.557331085205078
2015-08-19T13:30:00+00:00,29.03346061706543
2015-08-20T13:30:00+00:00,28.156177520751953
2015-08-21T13:30:00+00:00,27.16663360595703
2015-08-24T13:30:00+00:00,25.32891845703125
2015-08-25T13:30:00+00:00,25.145978927612305
2015-08-26T13:30:00+00:00,26.28936195373535
2015-08-27T13:30:00+00:00,26.56792449951172
2015-08-28T13:30:00+00:00,26.87558937072754
2015-08-31T13:30:00+00:00,26.821548461914062
2015-09-01T13:30:00+00:00,26.12720489501953
2015-09-02T13:30:00+00:00,26.621976852416992
2015-09-03T13:30:00+00:00,27.370363235473633
2015-09-04T13:30:00+00:00,27.058536529541016
2015-09-08T13:30:00+00:00,27.92333984375
2015-09-09T13:30:00+00:00,28.043922424316406
2015-09-10T13:30:00+00:00,28.409793853759766
2015-09-11T13:30:00+00:00,28.64678955078125
2015-09-14T13:30:00+00:00,28.592750549316406
2015-09-15T13:30:00+00:00,28.996034622192383
2015-09-16T13:30:00+00:00,29.145719528198242
2015-09-17T13:30:00+00:00,29.124923706054688
2015-09-18T13:30:00+00:00,28.62184715270996
2015-09-21T13:30:00+00:00,28.692523956298828
2015-09-22T13:30:00+00:00,28.08549690246582
2015-09-23T13:30:00+00:00,28.339115142822266
2015-09-24T13:30:00+00:00,27.977394104003906
2015-09-25T13:30:00+00:00,28.239330291748047
2015-09-28T13:30:00+00:00,27.669723510742188
2015-09-29T13:30:00+00:00,26.56376075744629
2015-09-30T13:30:00+00:00,27.104272842407227
2015-10-01T13:30:00+00:00,27.204051971435547
2015-10-02T13:30:00+00:00,27.349576950073242
2015-10-05T13:30:00+00:00,28.289222717285156
2015-10-06T13:30:00+00:00,27.94413185119629
2015-10-07T13:30:00+00:00,28.397323608398438
2015-10-08T13:30:00+00:00,29.76522445678711
2015-10-09T13:30:00+00:00,29.415969848632812
2015-10-12T13:30:00+00:00,29.28292465209961
2015-10-13T13:30:00+00:00,28.6135311126709
2015-10-14T13:30:00+00:00,28.45136833190918
2015-10-15T13:30:00+00:00,28.871307373046875
2015-10-16T13:30:00+00:00,29.029312133789062
2015-10-19T13:30:00+00:00,29.465866088867188
2015-10-20T13:30:00+00:00,29.432607650756836
2015-10-21T13:30:00+00:00,28.5511531829834
2015-10-22T13:30:00+00:00,30.251672744750977
2015-10-23T13:30:00+00:00,30.700693130493164
2015-10-26T13:30:00+00:00,30.675769805908203
2015-10-27T13:30:00+00:00,30.684064865112305
2015-10-28T13:30:00+00:00,31.855409622192383
2015-10-29T13:30:00+00:00,31.838726043701172
2015-10-30T13:30:00+00:00,32.022159576416016
2015-11-02T14:30:00+00:00,32.33895492553711
2015-11-03T14:30:00+00:00,32.022159576416016
2015-11-04T14:30:00+00:00,32.10137176513672
2015-11-05T14:30:00+00:00,32.37229537963867
2015-11-06T14:30:00+00:00,32.61406707763672
2015-11-09T14:30:00+00:00,32.197227478027344
2015-11-10T14:30:00+00:00,32.09300994873047
2015-11-11T14:30:00+00:00,32.464019775390625
2015-11-12T14:30:00+00:00,31.830406188964844
2015-11-13T14:30:00+00:00,31.513599395751953
2015-11-16T14:30:00+00:00,32.13471603393555
2015-11-17T14:30:00+00:00,32.10137176513672
2015-11-18T14:30:00+00:00,33.014251708984375
2015-11-19T14:30:00+00:00,32.8475227355957
2015-11-20T14:30:00+00:00,32.58488845825195
2015-11-23T14:30:00+00:00,32.75996017456055
2015-11-24T14:30:00+00:00,33.32687759399414
2015-11-25T14:30:00+00:00,33.37691116333008
2015-11-27T14:30:00+00:00,33.706214904785156
2015-11-30T14:30:00+00:00,33.24769592285156
2015-12-01T14:30:00+00:00,33.660369873046875
2015-12-02T14:30:00+00:00,33.135128021240234
2015-12-03T14:30:00+00:00,32.23057556152344
2015-12-04T14:30:00+00:00,32.905887603759766
2015-12-07T14:30:00+00:00,32.93505859375
2015-12-08T14:30:00+00:00,32.75163269042969
2015-12-09T14:30:00+00:00,32.22224426269531
2015-12-10T14:30:00+00:00,32.547393798828125
2015-12-11T14:30:00+00:00,31.867921829223633
2015-12-14T14:30:00+00:00,32.2847785949707
2015-12-15T14:30:00+00:00,32.409820556640625
2015-12-16T14:30:00+00:00,32.58074188232422
2015-12-17T14:30:00+00:00,31.89293098449707
2015-12-18T14:30:00+00:00,31.76788330078125
2015-12-21T14:30:00+00:00,31.671998977661133
2015-12-22T14:30:00+00:00,31.826234817504883
2015-12-23T14:30:00+00:00,32.13886642456055
2015-12-24T14:30:00+00:00,32.21807861328125
2015-12-28T14:30:00+00:00,32.65576171875
2015-12-29T14:30:00+00:00,32.65576171875
2015-12-30T14:30:00+00:00,32.526546478271484
2015-12-31T14:30:00+00:00,31.934614181518555
2016-01-04T14:30:00+00:00,31.338529586791992
2016-01-05T14:30:00+00:00,31.16345977783203
2016-01-06T14:30:00+00:00,30.54652214050293
2016-01-07T14:30:00+00:00,29.054208755493164
2016-01-08T14:30:00+00:00,28.020427703857422
2016-01-11T14:30:00+00:00,27.295114517211914
2016-01-12T14:30:00+00:00,27.6744441986084
2016-01-13T14:30:00+00:00,26.361387252807617
2016-01-14T14:30:00+00:00,26.74488067626953
2016-01-15T14:30:00+00:00,26.47392463684082
2016-01-19T14:30:00+00:00,26.077924728393555
2016-01-20T14:30:00+00:00,25.869503021240234
2016-01-21T14:30:00+00:00,26.753210067749023
2016-01-22T14:30:00+00:00,27.345138549804688
2016-01-25T14:30:00+00:00,26.74488067626953
2016-01-26T14:30:00+00:00,28.545658111572266
2016-01-27T14:30:00+00:00,27.516042709350586
2016-01-28T14:30:00+00:00,28.287208557128906
2016-01-29T14:30:00+00:00,29.116727828979492
2016-02-01T14:30:00+00:00,29.066713333129883
2016-02-02T14:30:00+00:00,28.420602798461914
2016-02-03T14:30:00+00:00,28.433155059814453
2016-02-04T14:30:00+00:00,28.341115951538086
2016-02-05T14:30:00+00:00,27.42499351501465
2016-02-08T14:30:00+00:00,26.341556549072266
2016-02-09T14:30:00+00:00,26.66365623474121
2016-02-10T14:30:00+00:00,26.93138313293457
2016-02-11T14:30:00+00:00,26.99831771850586
2016-02-12T14:30:00+00:00,27.529579162597656
2016-02-16T14:30:00+00:00,28.023193359375
2016-02-17T14:30:00+00:00,28.864017486572266
2016-02-18T14:30:00+00:00,28.85147476196289
2016-02-19T14:30:00+00:00,28.8012752532959
2016-02-22T14:30:00+00:00,29.261415481567383
2016-02-23T14:30:00+00:00,28.826377868652344
2016-02-24T14:30:00+00:00,29.273975372314453
2016-02-25T14:30:00+00:00,29.792680740356445
2016-02-26T14:30:00+00:00,30.139890670776367
2016-02-29T14:30:00+00:00,29.441299438476562
2016-03-01T14:30:00+00:00,30.533109664916992
2016-03-02T14:30:00+00:00,30.478734970092773
2016-03-03T14:30:00+00:00,30.545663833618164
2016-03-04T14:30:00+00:00,31.014179229736328
2016-03-07T14:30:00+00:00,30.503835678100586
2016-03-08T14:30:00+00:00,30.671146392822266
2016-03-09T14:30:00+00:00,30.374149322509766
2016-03-10T14:30:00+00:00,30.71298599243164
2016-03-11T14:30:00+00:00,30.633508682250977
2016-03-14T13:30:00+00:00,30.750646591186523
2016-03-15T13:30:00+00:00,30.620948791503906
2016-03-16T13:30:00+00:00,30.717178344726562
2016-03-17T13:30:00+00:00,31.41994285583496
2016-03-18T13:30:00+00:00,31.608203887939453
2016-03-21T13:30:00+00:00,31.687664031982422
2016-03-22T13:30:00+00:00,31.599821090698242
2016-03-23T13:30:00+00:00,31.139678955078125
2016-03-24T13:30:00+00:00,31.311174392700195
2016-03-28T13:30:00+00:00,31.5078067779541
2016-03-29T13:30:00+00:00,32.11016845703125
2016-03-30T13:30:00+00:00,31.967966079711914
2016-03-31T13:30:00+00:00,31.92192268371582
2016-04-01T13:30:00+00:00,32.53267288208008
2016-04-04T13:30:00+00:00,32.181297302246094
2016-04-05T13:30:00+00:00,32.19385528564453
2016-04-06T13:30:00+00:00,32.64144515991211
2016-04-07T13:30:00+00:00,32.118553161621094
2016-04-08T13:30:00+00:00,32.24404525756836
2016-04-11T13:30:00+00:00,31.967966079711914
2016-04-12T13:30:00+00:00,32.19385528564453
2016-04-13T13:30:00+00:00,33.068138122558594
2016-04-14T13:30:00+00:00,32.75020980834961
2016-04-15T13:30:00+00:00,33.143428802490234
2016-04-18T13:30:00+00:00,33.31493377685547
2016-04-19T13:30:00+00:00,32.88824462890625
2016-04-20T13:30:00+00:00,33.11832809448242
2016-04-21T13:30:00+00:00,33.44880676269531
2016-04-22T13:30:00+00:00,33.63703918457031
2016-04-25T13:30:00+00:00,33.20199203491211
2016-04-26T13:30:00+00:00,33.47808837890625
2016-04-27T13:30:00+00:00,33.20954513549805
2016-04-28T13:30:00+00:00,32.445919036865234
2016-04-29T13:30:00+00:00,32.39976501464844
2016-05-02T13:30:00+00:00,32.95780944824219
2016-05-03T13:30:00+00:00,32.37458801269531
2016-05-04T13:30:00+00:00,32.160606384277344
2016-05-05T13:30:00+00:00,31.95081329345703
2016-05-06T13:30:00+00:00,32.69767379760742
2016-05-09T13:30:00+00:00,32.60115432739258
2016-05-10T13:30:00+00:00,33.062705993652344
2016-05-11T13:30:00+00:00,32.86969757080078
2016-05-12T13:30:00+00:00,32.9745979309082
2016-05-13T13:30:00+00:00,32.831939697265625
2016-05-16T13:30:00+00:00,33.16758728027344
2016-05-17T13:30:00+00:00,33.062705993652344
2016-05-18T13:30:00+00:00,33.65011215209961
2016-05-19T13:30:00+00:00,33.39835739135742
2016-05-20T13:30:00+00:00,33.784366607666016
2016-05-23T13:30:00+00:00,33.81794357299805
2016-05-24T13:30:00+00:00,34.83751678466797
2016-05-25T13:30:00+00:00,34.95079040527344
2016-05-26T13:30:00+00:00,34.8039436340332
2016-05-27T13:30:00+00:00,34.96758270263672
2016-05-31T13:30:00+00:00,34.531219482421875
2016-06-01T13:30:00+00:00,34.610939025878906
2016-06-02T13:30:00+00:00,34.69485092163086
2016-06-03T13:30:00+00:00,34.41373825073242
2016-06-06T13:30:00+00:00,34.76198959350586
2016-06-07T13:30:00+00:00,35.1773681640625
2016-06-08T13:30:00+00:00,35.73121643066406
2016-06-09T13:30:00+00:00,35.75638961791992
2016-06-10T13:30:00+00:00,35.11023712158203
2016-06-13T13:30:00+00:00,34.88786315917969
2016-06-14T13:30:00+00:00,34.85010528564453
2016-06-15T13:30:00+00:00,35.093448638916016
2016-06-16T13:30:00+00:00,35.1773681640625
2016-06-17T13:30:00+00:00,35.42910385131836
2016-06-20T13:30:00+00:00,35.81092834472656
2016-06-21T13:30:00+00:00,35.58015823364258
2016-06-22T13:30:00+00:00,35.61373519897461
2016-06-23T13:30:00+00:00,36.36897659301758
2016-06-24T13:30:00+00:00,35.14799880981445
2016-06-27T13:30:00+00:00,34.34239959716797
2016-06-28T13:30:00+00:00,35.11023712158203
2016-06-29T13:30:00+00:00,35.91584014892578
2016-06-30T13:30:00+00:00,36.968963623046875
2016-07-01T13:30:00+00:00,36.591346740722656
2016-07-05T13:30:00+00:00,36.306034088134766
2016-07-06T13:30:00+00:00,36.59553909301758
2016-07-07T13:30:00+00:00,36.704620361328125
2016-07-08T13:30:00+00:00,37.44308853149414
2016-07-11T13:30:00+00:00,37.879451751708984
2016-07-12T13:30:00+00:00,38.16476058959961
2016-07-13T13:30:00+00:00,37.954986572265625
2016-07-14T13:30:00+00:00,38.03470230102539
2016-07-15T13:30:00+00:00,38.16476058959961
2016-07-18T13:30:00+00:00,38.32839584350586
2016-07-19T13:30:00+00:00,37.92141342163086
2016-07-20T13:30:00+00:00,38.00112533569336
2016-07-21T13:30:00+00:00,37.61510467529297
2016-07-22T13:30:00+00:00,37.57735061645508
2016-07-25T13:30:00+00:00,37.241695404052734
2016-07-26T13:30:00+00:00,39.322792053222656
2016-07-27T13:30:00+00:00,39.41111755371094
2016-07-28T13:30:00+00:00,39.36064910888672
2016-07-29T13:30:00+00:00,39.074615478515625
2016-08-01T13:30:00+00:00,39.03675079345703
2016-08-02T13:30:00+00:00,38.889522552490234
2016-08-03T13:30:00+00:00,39.226036071777344
2016-08-04T13:30:00+00:00,39.28494644165039
2016-08-05T13:30:00+00:00,39.68876647949219
2016-08-08T13:30:00+00:00,39.453189849853516
2016-08-09T13:30:00+00:00,39.68876647949219
2016-08-10T13:30:00+00:00,39.68456268310547
2016-08-11T13:30:00+00:00,39.90330123901367
2016-08-12T13:30:00+00:00,39.58359146118164
2016-08-15T13:30:00+00:00,39.857017517089844
2016-08-16T13:30:00+00:00,39.33541488647461
2016-08-17T13:30:00+00:00,39.36906433105469
2016-08-18T13:30:00+00:00,39.49947738647461
2016-08-19T13:30:00+00:00,39.62987518310547
2016-08-22T13:30:00+00:00,39.81496047973633
2016-08-23T13:30:00+00:00,40.294517517089844
2016-08-24T13:30:00+00:00,40.075748443603516
2016-08-25T13:30:00+00:00,40.172508239746094
2016-08-26T13:30:00+00:00,40.096797943115234
2016-08-29T13:30:00+00:00,40.647850036621094
2016-08-30T13:30:00+00:00,40.73619079589844
2016-08-31T13:30:00+00:00,40.584747314453125
2016-09-01T13:30:00+00:00,40.53428649902344
2016-09-02T13:30:00+00:00,40.795101165771484
2016-09-06T13:30:00+00:00,40.29030227661133
2016-09-07T13:30:00+00:00,40.366024017333984
2016-09-08T13:30:00+00:00,40.731990814208984
2016-09-09T13:30:00+00:00,38.313232421875
2016-09-12T13:30:00+00:00,39.125083923339844
2016-09-13T13:30:00+00:00,38.53196716308594
2016-09-14T13:30:00+00:00,38.57822036743164
2016-09-15T13:30:00+00:00,39.23866271972656
2016-09-16T13:30:00+00:00,38.75910949707031
2016-09-19T13:30:00+00:00,39.188175201416016
2016-09-20T13:30:00+00:00,39.23866271972656
2016-09-21T13:30:00+00:00,39.90330123901367
2016-09-22T13:30:00+00:00,40.76142501831055
2016-09-23T13:30:00+00:00,40.753021240234375
2016-09-26T13:30:00+00:00,40.47117233276367
2016-09-27T13:30:00+00:00,41.44709396362305
2016-09-28T13:30:00+00:00,41.68265914916992
2016-09-29T13:30:00+00:00,41.1862907409668
2016-09-30T13:30:00+00:00,41.55646896362305
2016-10-03T13:30:00+00:00,41.905616760253906
2016-10-04T13:30:00+00:00,42.20006561279297
2016-10-05T13:30:00+00:00,42.79320526123047
2016-10-06T13:30:00+00:00,43.251712799072266
2016-10-07T13:30:00+00:00,42.04022216796875
2016-10-10T13:30:00+00:00,42.141178131103516
2016-10-11T13:30:00+00:00,41.67845916748047
2016-10-12T13:30:00+00:00,41.94767761230469
2016-10-13T13:30:00+00:00,41.46813201904297
2016-10-14T13:30:00+00:00,41.16525650024414
2016-10-17T13:30:00+00:00,41.52701950073242
2016-10-18T13:30:00+00:00,41.39242172241211
2016-10-19T13:30:00+00:00,41.05588912963867
2016-10-20T13:30:00+00:00,40.76984405517578
2016-10-21T13:30:00+00:00,40.45856857299805
2016-10-24T13:30:00+00:00,40.702537536621094
2016-10-25T13:30:00+00:00,39.322792053222656
2016-10-26T13:30:00+00:00,38.1870231628418
2016-10-27T13:30:00+00:00,37.874916076660156
2016-10-28T13:30:00+00:00,37.950836181640625
2016-10-31T13:30:00+00:00,38.1026725769043
2016-11-01T13:30:00+00:00,37.72307586669922
2016-11-02T13:30:00+00:00,37.132606506347656
2016-11-03T13:30:00+00:00,36.95545959472656
2016-11-04T13:30:00+00:00,37.84117126464844
2016-11-07T14:30:00+00:00,38.44008255004883
2016-11-08T14:30:00+00:00,38.79436492919922
2016-11-09T14:30:00+00:00,40.135597229003906
2016-11-10T14:30:00+00:00,40.75138854980469
2016-11-11T14:30:00+00:00,40.540496826171875
2016-11-14T14:30:00+00:00,40.11873245239258
2016-11-15T14:30:00+00:00,40.093421936035156
2016-11-16T14:30:00+00:00,39.60417556762695
2016-11-17T14:30:00+00:00,39.730709075927734
2016-11-18T14:30:00+00:00,39.705387115478516
2016-11-21T14:30:00+00:00,40.18621826171875
2016-11-22T14:30:00+00:00,40.68389892578125
2016-11-23T14:30:00+00:00,40.970703125
2016-11-25T14:30:00+00:00,41.50214767456055
2016-11-28T14:30:00+00:00,41.088809967041016
2016-11-29T14:30:00+00:00,41.26594161987305
2016-11-30T14:30:00+00:00,41.02131652832031
2016-12-01T14:30:00+00:00,41.32499694824219
2016-12-02T14:30:00+00:00,41.527442932128906
2016-12-05T14:30:00+00:00,42.09261703491211
2016-12-06T14:30:00+00:00,42.24445343017578
2016-12-07T14:30:00+00:00,42.80963134765625
2016-12-08T14:30:00+00:00,42.78433609008789
2016-12-09T14:30:00+00:00,42.91084671020508
2016-12-12T14:30:00+00:00,42.52280807495117
2016-12-13T14:30:00+00:00,42.101043701171875
2016-12-14T14:30:00+00:00,41.72145462036133
2016-12-15T14:30:00+00:00,41.00444793701172
2016-12-16T14:30:00+00:00,40.92008972167969
2016-12-19T14:30:00+00:00,41.03818893432617
2016-12-20T14:30:00+00:00,41.06349563598633
2016-12-21T14:30:00+00:00,41.00444793701172
2016-12-22T14:30:00+00:00,40.397090911865234
2016-12-23T14:30:00+00:00,40.35491180419922
2016-12-27T14:30:00+00:00,40.69232940673828
2016-12-28T14:30:00+00:00,40.1440315246582
2016-12-29T14:30:00+00:00,40.20308303833008
2016-12-30T14:30:00+00:00,39.94157791137695
2017-01-03T14:30:00+00:00,40.068119049072266
2017-01-04T14:30:00+00:00,40.42240524291992
2017-01-05T14:30:00+00:00,40.23682403564453
2017-01-06T14:30:00+00:00,40.253700256347656
2017-01-09T14:30:00+00:00,39.98375701904297
2017-01-10T14:30:00+00:00,40.287437438964844
2017-01-11T14:30:00+00:00,40.75138854980469
2017-01-12T14:30:00+00:00,40.34648513793945
2017-01-13T14:30:00+00:00,40.87791442871094
2017-01-17T14:30:00+00:00,40.380226135253906
2017-01-18T14:30:00+00:00,40.40553283691406
2017-01-19T14:30:00+00:00,40.02593231201172
2017-01-20T14:30:00+00:00,40.397090911865234
2017-01-23T14:30:00+00:00,40.46457290649414
2017-01-24T14:30:00+00:00,41.316558837890625
2017-01-25T14:30:00+00:00,41.679283142089844
2017-01-26T14:30:00+00:00,41.17316436767578
2017-01-27T14:30:00+00:00,41.09701156616211
2017-01-30T14:30:00+00:00,40.9870491027832
2017-01-31T14:30:00+00:00,41.24082946777344
2017-02-01T14:30:00+00:00,40.9870491027832
2017-02-02T14:30:00+00:00,39.92112731933594
2017-02-03T14:30:00+00:00,41.75687026977539
2017-02-06T14:30:00+00:00,41.93452453613281
2017-02-07T14:30:00+00:00,41.75687026977539
2017-02-08T14:30:00+00:00,41.75687026977539
2017-02-09T14:30:00+00:00,42.20524215698242
2017-02-10T14:30:00+00:00,42.15447998046875
2017-02-13T14:30:00+00:00,42.255985260009766
2017-02-14T14:30:00+00:00,42.019126892089844
2017-02-15T14:30:00+00:00,41.73993682861328
2017-02-16T14:30:00+00:00,42.02758026123047
2017-02-17T14:30:00+00:00,41.95143127441406
2017-02-21T14:30:00+00:00,42.54361343383789
2017-02-22T14:30:00+00:00,42.704345703125
2017-02-23T14:30:00+00:00,42.738189697265625
2017-02-24T14:30:00+00:00,42.77202606201172
2017-02-27T14:30:00+00:00,43.25423049926758
2017-02-28T14:30:00+00:00,42.60283660888672
2017-03-01T14:30:00+00:00,43.21194076538086
2017-03-02T14:30:00+00:00,42.18830871582031
2017-03-03T14:30:00+00:00,42.4505615234375
2017-03-06T14:30:00+00:00,41.976810455322266
2017-03-07T14:30:00+00:00,41.99374008178711
2017-03-08T14:30:00+00:00,41.90914535522461
2017-03-09T14:30:00+00:00,41.84148025512695
2017-03-10T14:30:00+00:00,42.374420166015625
2017-03-13T13:30:00+00:00,42.712806701660156
2017-03-14T13:30:00+00:00,42.746646881103516
2017-03-15T13:30:00+00:00,43.83794403076172
2017-03-16T13:30:00+00:00,43.846405029296875
2017-03-17T13:30:00+00:00,44.134029388427734
2017-03-20T13:30:00+00:00,44.10865783691406
2017-03-21T13:30:00+00:00,43.11042022705078
2017-03-22T13:30:00+00:00,43.14424514770508
2017-03-23T13:30:00+00:00,43.37266159057617
2017-03-24T13:30:00+00:00,43.33881759643555
2017-03-27T13:30:00+00:00,43.47416687011719
2017-03-28T13:30:00+00:00,43.414955139160156
2017-03-29T13:30:00+00:00,42.97504806518555
2017-03-30T13:30:00+00:00,43.2626838684082
2017-03-31T13:30:00+00:00,43.27960205078125
2017-04-03T13:30:00+00:00,42.687435150146484
2017-04-04T13:30:00+00:00,42.408267974853516
2017-04-05T13:30:00+00:00,42.019126892089844
2017-04-06T13:30:00+00:00,42.20524215698242
2017-04-07T13:30:00+00:00,42.18830871582031
2017-04-10T13:30:00+00:00,42.57745361328125
2017-04-11T13:30:00+00:00,42.97504806518555
2017-04-12T13:30:00+00:00,42.1713981628418
2017-04-13T13:30:00+00:00,41.92604064941406
2017-04-17T13:30:00+00:00,42.653587341308594
2017-04-18T13:30:00+00:00,42.53515625
2017-04-19T13:30:00+00:00,42.61130142211914
2017-04-20T13:30:00+00:00,43.15270233154297
2017-04-21T13:30:00+00:00,43.45726776123047
2017-04-24T13:30:00+00:00,43.99021911621094
2017-04-25T13:30:00+00:00,44.63315963745117
2017-04-26T13:30:00+00:00,44.930023193359375
2017-04-27T13:30:00+00:00,46.159942626953125
2017-04-28T13:30:00+00:00,45.701904296875
2017-05-01T13:30:00+00:00,45.523780822753906
2017-05-02T13:30:00+00:00,45.133602142333984
2017-05-03T13:30:00+00:00,45.820655822753906
2017-05-04T13:30:00+00:00,46.49074935913086
2017-05-05T13:30:00+00:00,46.931819915771484
2017-05-08T13:30:00+00:00,46.516197204589844
2017-05-09T13:30:00+00:00,46.516197204589844
2017-05-10T13:30:00+00:00,46.100563049316406
2017-05-11T13:30:00+00:00,45.897003173828125
2017-05-12T13:30:00+00:00,45.413516998291016
2017-05-15T13:30:00+00:00,45.803688049316406
2017-05-16T13:30:00+00:00,46.22780227661133
2017-05-17T13:30:00+00:00,45.320220947265625
2017-05-18T13:30:00+00:00,44.97243881225586
2017-05-19T13:30:00+00:00,45.64253616333008
2017-05-22T13:30:00+00:00,45.6849479675293
2017-05-23T13:30:00+00:00,45.91396713256836
2017-05-24T13:30:00+00:00,46.049678802490234
2017-05-25T13:30:00+00:00,46.22780227661133
2017-05-26T13:30:00+00:00,45.863067626953125
2017-05-30T13:30:00+00:00,46.126014709472656
2017-05-31T13:30:00+00:00,46.54164123535156
2017-06-01T13:30:00+00:00,46.85548400878906
2017-06-02T13:30:00+00:00,47.71217727661133
2017-06-05T13:30:00+00:00,47.64433288574219
2017-06-06T13:30:00+00:00,46.88093566894531
2017-06-07T13:30:00+00:00,47.34745407104492
2017-06-08T13:30:00+00:00,47.813961029052734
2017-06-09T13:30:00+00:00,47.534061431884766
2017-06-12T13:30:00+00:00,47.60190963745117
2017-06-13T13:30:00+00:00,48.21263122558594
2017-06-14T13:30:00+00:00,48.229583740234375
2017-06-15T13:30:00+00:00,48.17869567871094
2017-06-16T13:30:00+00:00,48.1277961730957
2017-06-19T13:30:00+00:00,48.78942108154297
2017-06-20T13:30:00+00:00,48.17021179199219
2017-06-21T13:30:00+00:00,47.8818244934082
2017-06-22T13:30:00+00:00,47.72913360595703
2017-06-23T13:30:00+00:00,47.805484771728516
2017-06-26T13:30:00+00:00,48.13628387451172
2017-06-27T13:30:00+00:00,47.73762893676758
2017-06-28T13:30:00+00:00,47.92422103881836
2017-06-29T13:30:00+00:00,47.45772171020508
2017-06-30T13:30:00+00:00,47.78004455566406
2017-07-03T13:30:00+00:00,47.96664810180664
2017-07-05T13:30:00+00:00,48.517982482910156
2017-07-06T13:30:00+00:00,47.992088317871094
2017-07-07T13:30:00+00:00,48.560401916503906
2017-07-10T13:30:00+00:00,48.517982482910156
2017-07-11T13:30:00+00:00,48.46709442138672
2017-07-12T13:30:00+00:00,48.74700164794922
2017-07-13T13:30:00+00:00,48.75547790527344
2017-07-14T13:30:00+00:00,48.7215576171875
2017-07-17T13:30:00+00:00,48.86574935913086
2017-07-18T13:30:00+00:00,48.611289978027344
2017-07-19T13:30:00+00:00,48.840309143066406
2017-07-20T13:30:00+00:00,48.06842803955078
2017-07-21T13:30:00+00:00,47.4492301940918
2017-07-24T13:30:00+00:00,46.89789581298828
2017-07-25T13:30:00+00:00,46.6603889465332
2017-07-26T13:30:00+00:00,45.964847564697266
2017-07-27T13:30:00+00:00,45.84579849243164
2017-07-28T13:30:00+00:00,46.16895294189453
2017-07-31T13:30:00+00:00,45.53964614868164
2017-08-01T13:30:00+00:00,45.70121383666992
2017-08-02T13:30:00+00:00,46.288021087646484
2017-08-03T13:30:00+00:00,46.14344024658203
2017-08-04T13:30:00+00:00,46.713218688964844
2017-08-07T13:30:00+00:00,46.39006042480469
2017-08-08T13:30:00+00:00,46.262508392333984
2017-08-09T13:30:00+00:00,45.94784164428711
2017-08-10T13:30:00+00:00,45.5311279296875
2017-08-11T13:30:00+00:00,45.65019989013672
2017-08-14T13:30:00+00:00,46.03288269042969
2017-08-15T13:30:00+00:00,46.21147537231445
2017-08-16T13:30:00+00:00,46.61967468261719
2017-08-17T13:30:00+00:00,45.9393310546875
2017-08-18T13:30:00+00:00,45.862823486328125
2017-08-21T13:30:00+00:00,45.709739685058594
2017-08-22T13:30:00+00:00,46.27950668334961
2017-08-23T13:30:00+00:00,46.100921630859375
2017-08-24T13:30:00+00:00,45.46310806274414
2017-08-25T13:30:00+00:00,45.83729934692383
2017-08-28T13:30:00+00:00,46.06690216064453
2017-08-29T13:30:00+00:00,46.202980041503906
2017-08-30T13:30:00+00:00,46.83228302001953
2017-08-31T13:30:00+00:00,47.35953140258789
2017-09-01T13:30:00+00:00,47.444576263427734
2017-09-05T13:30:00+00:00,47.231964111328125
2017-09-06T13:30:00+00:00,47.223472595214844
2017-09-07T13:30:00+00:00,47.5211067199707
2017-09-08T13:30:00+00:00,48.06536865234375
2017-09-11T13:30:00+00:00,48.924293518066406
2017-09-12T13:30:00+00:00,49.46855163574219
2017-09-13T13:30:00+00:00,49.28145980834961
2017-09-14T13:30:00+00:00,49.43453598022461
2017-09-15T13:30:00+00:00,49.51108169555664
2017-09-18T13:30:00+00:00,49.56210708618164
2017-09-19T13:30:00+00:00,49.7321891784668
2017-09-20T13:30:00+00:00,50.233924865722656
2017-09-21T13:30:00+00:00,50.17438888549805
2017-09-22T13:30:00+00:00,50.64213562011719
2017-09-25T13:30:00+00:00,50.1658935546875
2017-09-26T13:30:00+00:00,50.24243927001953
2017-09-27T13:30:00+00:00,50.17438888549805
2017-09-28T13:30:00+00:00,50.08936309814453
2017-09-29T13:30:00+00:00,50.54008865356445
2017-10-02T13:30:00+00:00,51.01631164550781
2017-10-03T13:30:00+00:00,51.356475830078125
2017-10-04T13:30:00+00:00,51.756168365478516
2017-10-05T13:30:00+00:00,51.70515060424805
2017-10-06T13:30:00+00:00,51.8752326965332
2017-10-09T13:30:00+00:00,51.67113494873047
2017-10-10T13:30:00+00:00,51.645606994628906
2017-10-11T13:30:00+00:00,51.57758712768555
2017-10-12T13:30:00+00:00,52.25791931152344
2017-10-13T13:30:00+00:00,52.011295318603516
2017-10-16T13:30:00+00:00,52.05381393432617
2017-10-17T13:30:00+00:00,51.63711929321289
2017-10-18T13:30:00+00:00,51.5690803527832
2017-10-19T13:30:00+00:00,51.70515060424805
2017-10-20T13:30:00+00:00,52.37696838378906
2017-10-23T13:30:00+00:00,52.34296417236328
2017-10-24T13:30:00+00:00,52.66611862182617
2017-10-25T13:30:00+00:00,50.267940521240234
2017-10-26T13:30:00+00:00,50.74417495727539
2017-10-27T13:30:00+00:00,50.68465042114258
2017-10-30T13:30:00+00:00,50.44597244262695
2017-10-31T13:30:00+00:00,50.4630241394043
2017-11-01T13:30:00+00:00,51.07675552368164
2017-11-02T13:30:00+00:00,51.2131462097168
2017-11-03T13:30:00+00:00,50.75285339355469
2017-11-06T14:30:00+00:00,50.8636474609375
2017-11-07T14:30:00+00:00,50.71874237060547
2017-11-08T14:30:00+00:00,50.778419494628906
2017-11-09T14:30:00+00:00,50.0112419128418
2017-11-10T14:30:00+00:00,49.917476654052734
2017-11-13T14:30:00+00:00,50.22434616088867
2017-11-14T14:30:00+00:00,50.13910675048828
2017-11-15T14:30:00+00:00,49.789615631103516
2017-11-16T14:30:00+00:00,50.318111419677734
2017-11-17T14:30:00+00:00,50.19878005981445
2017-11-20T14:30:00+00:00,50.71023178100586
2017-11-21T14:30:00+00:00,51.80132293701172
2017-11-22T14:30:00+00:00,51.87803649902344
2017-11-24T14:30:00+00:00,51.63935852050781
2017-11-27T14:30:00+00:00,52.312767028808594
2017-11-28T14:30:00+00:00,53.071407318115234
2017-11-29T14:30:00+00:00,53.27598571777344
2017-11-30T14:30:00+00:00,54.06021499633789
2017-12-01T14:30:00+00:00,53.540245056152344
2017-12-04T14:30:00+00:00,53.020267486572266
2017-12-05T14:30:00+00:00,52.49177169799805
2017-12-06T14:30:00+00:00,52.338340759277344
2017-12-07T14:30:00+00:00,52.50030517578125
2017-12-08T14:30:00+00:00,53.037322998046875
2017-12-11T14:30:00+00:00,52.30424499511719
2017-12-12T14:30:00+00:00,52.04851150512695
2017-12-13T14:30:00+00:00,51.97179412841797
2017-12-14T14:30:00+00:00,51.17905807495117
2017-12-15T14:30:00+00:00,51.767215728759766
2017-12-18T14:30:00+00:00,52.236053466796875
2017-12-19T14:30:00+00:00,52.24457931518555
2017-12-20T14:30:00+00:00,52.406532287597656
2017-12-21T14:30:00+00:00,52.60259246826172
2017-12-22T14:30:00+00:00,52.21900177001953
2017-12-26T14:30:00+00:00,52.559967041015625
2017-12-27T14:30:00+00:00,52.747501373291016
2017-12-28T14:30:00+00:00,52.517337799072266
2017-12-29T14:30:00+00:00,52.236053466796875
2018-01-02T14:30:00+00:00,52.44914245605469
2018-01-03T14:30:00+00:00,52.764556884765625
2018-01-04T14:30:00+00:00,53.01173782348633
2018-01-05T14:30:00+00:00,53.69367980957031
2018-01-08T14:30:00+00:00,53.94941711425781
2018-01-09T14:30:00+00:00,53.90678024291992
2018-01-10T14:30:00+00:00,54.05168914794922
2018-01-11T14:30:00+00:00,55.19392395019531
2018-01-12T14:30:00+00:00,55.67981719970703
2018-01-16T14:30:00+00:00,55.46670150756836
2018-01-17T14:30:00+00:00,55.909950256347656
2018-01-18T14:30:00+00:00,56.1827278137207
2018-01-19T14:30:00+00:00,57.145965576171875
2018-01-22T14:30:00+00:00,57.11186981201172
2018-01-23T14:30:00+00:00,56.9413948059082
2018-01-24T14:30:00+00:00,56.9413948059082
2018-01-25T14:30:00+00:00,57.45283508300781
2018-01-26T14:30:00+00:00,57.8278923034668
2018-01-29T14:30:00+00:00,56.958431243896484
2018-01-30T14:30:00+00:00,56.7703971862793
2018-01-31T14:30:00+00:00,57.07808303833008
2018-02-01T14:30:00+00:00,57.086647033691406
2018-02-02T14:30:00+00:00,55.24899673461914
2018-02-05T14:30:00+00:00,52.616458892822266
2018-02-06T14:30:00+00:00,53.26605224609375
2018-02-07T14:30:00+00:00,53.607940673828125
2018-02-08T14:30:00+00:00,51.48822784423828
2018-02-09T14:30:00+00:00,52.10363006591797
2018-02-12T14:30:00+00:00,52.9754524230957
2018-02-13T14:30:00+00:00,53.61647415161133
2018-02-14T14:30:00+00:00,54.753257751464844
2018-02-15T14:30:00+00:00,55.75328063964844
2018-02-16T14:30:00+00:00,56.018245697021484
2018-02-20T14:30:00+00:00,55.932762145996094
2018-02-21T14:30:00+00:00,55.881473541259766
2018-02-22T14:30:00+00:00,56.03533935546875
2018-02-23T14:30:00+00:00,56.761844635009766
2018-02-26T14:30:00+00:00,56.608009338378906
2018-02-27T14:30:00+00:00,55.89002227783203
2018-02-28T14:30:00+00:00,54.8643684387207
2018-03-01T14:30:00+00:00,53.0438232421875
2018-03-02T14:30:00+00:00,52.88998031616211
2018-03-05T14:30:00+00:00,53.68486404418945
2018-03-06T14:30:00+00:00,54.08658981323242
2018-03-07T14:30:00+00:00,54.71907043457031
2018-03-08T14:30:00+00:00,55.16352844238281
2018-03-09T14:30:00+00:00,56.83021926879883
2018-03-12T13:30:00+00:00,56.650726318359375
2018-03-13T13:30:00+00:00,56.3088493347168
2018-03-14T13:30:00+00:00,55.81311798095703
2018-03-15T13:30:00+00:00,55.761817932128906
2018-03-16T13:30:00+00:00,56.10370635986328
2018-03-19T13:30:00+00:00,55.72764205932617
2018-03-20T13:30:00+00:00,56.163551330566406
2018-03-21T13:30:00+00:00,56.11225891113281
2018-03-22T13:30:00+00:00,55.11225128173828
2018-03-23T13:30:00+00:00,53.377166748046875
2018-03-26T13:30:00+00:00,54.89856719970703
2018-03-27T13:30:00+00:00,53.40279769897461
2018-03-28T13:30:00+00:00,53.43699264526367
2018-03-29T13:30:00+00:00,54.35154342651367
2018-04-02T13:30:00+00:00,52.65919494628906
2018-04-03T13:30:00+00:00,53.9669075012207
2018-04-04T13:30:00+00:00,55.026763916015625
2018-04-05T13:30:00+00:00,55.53961181640625
2018-04-06T13:30:00+00:00,53.99254608154297
2018-04-09T13:30:00+00:00,53.84725570678711
2018-04-10T13:30:00+00:00,55.120792388916016
2018-04-11T13:30:00+00:00,54.34300231933594
2018-04-12T13:30:00+00:00,54.69343185424805
2018-04-13T13:30:00+00:00,54.52248764038086
2018-04-16T13:30:00+00:00,55.33447265625
2018-04-17T13:30:00+00:00,55.98405838012695
2018-04-18T13:30:00+00:00,56.29175567626953
2018-04-19T13:30:00+00:00,55.79602813720703
2018-04-20T13:30:00+00:00,55.78746032714844
2018-04-23T13:30:00+00:00,55.471229553222656
2018-04-24T13:30:00+00:00,53.086551666259766
2018-04-25T13:30:00+00:00,52.56517791748047
2018-04-26T13:30:00+00:00,53.54811096191406
2018-04-27T13:30:00+00:00,53.46238708496094
2018-04-30T13:30:00+00:00,52.588069915771484
2018-05-01T13:30:00+00:00,52.72521209716797
2018-05-02T13:30:00+00:00,52.09947204589844
2018-05-03T13:30:00+00:00,52.24518966674805
2018-05-04T13:30:00+00:00,53.53096389770508
2018-05-07T13:30:00+00:00,53.753814697265625
2018-05-08T13:30:00+00:00,53.98526382446289
2018-05-09T13:30:00+00:00,54.302433013916016
2018-05-10T13:30:00+00:00,54.92816925048828
2018-05-11T13:30:00+00:00,54.85102844238281
2018-05-14T13:30:00+00:00,54.568145751953125
2018-05-15T13:30:00+00:00,53.98526382446289
2018-05-16T13:30:00+00:00,54.07098388671875
2018-05-17T13:30:00+00:00,54.191001892089844
2018-05-18T13:30:00+00:00,54.593868255615234
2018-05-21T13:30:00+00:00,55.288185119628906
2018-05-22T13:30:00+00:00,54.593868255615234
2018-05-23T13:30:00+00:00,54.7910270690918
2018-05-24T13:30:00+00:00,55.228179931640625
2018-05-25T13:30:00+00:00,55.26246643066406
2018-05-29T13:30:00+00:00,54.75672912597656
2018-05-30T13:30:00+00:00,55.23675537109375
2018-05-31T13:30:00+00:00,54.06242370605469
2018-06-01T13:30:00+00:00,54.46529769897461
2018-06-04T13:30:00+00:00,53.81383514404297
2018-06-05T13:30:00+00:00,53.98526382446289
2018-06-06T13:30:00+00:00,54.516719818115234
2018-06-07T13:30:00+00:00,54.645301818847656
2018-06-08T13:30:00+00:00,55.57963180541992
2018-06-11T13:30:00+00:00,55.26246643066406
2018-06-12T13:30:00+00:00,55.92249298095703
2018-06-13T13:30:00+00:00,55.03959274291992
2018-06-14T13:30:00+00:00,54.83388137817383
2018-06-15T13:30:00+00:00,53.89955520629883
2018-06-18T13:30:00+00:00,53.86526107788086
2018-06-19T13:30:00+00:00,52.708072662353516
2018-06-20T13:30:00+00:00,52.71664047241211
2018-06-21T13:30:00+00:00,51.4822998046875
2018-06-22T13:30:00+00:00,51.66231155395508
2018-06-25T13:30:00+00:00,50.573692321777344
2018-06-26T13:30:00+00:00,51.07942199707031
2018-06-27T13:30:00+00:00,50.8137092590332
2018-06-28T13:30:00+00:00,50.17938995361328
2018-06-29T13:30:00+00:00,50.702266693115234
2018-07-02T13:30:00+00:00,50.56511688232422
2018-07-03T13:30:00+00:00,50.34225082397461
2018-07-05T13:30:00+00:00,51.38801574707031
2018-07-06T13:30:00+00:00,51.31944274902344
2018-07-09T13:30:00+00:00,52.459476470947266
2018-07-10T13:30:00+00:00,52.62234115600586
2018-07-11T13:30:00+00:00,50.44511795043945
2018-07-12T13:30:00+00:00,51.25087356567383
2018-07-13T13:30:00+00:00,51.628028869628906
2018-07-16T13:30:00+00:00,50.9765625
2018-07-17T13:30:00+00:00,51.29371643066406
2018-07-18T13:30:00+00:00,51.16513442993164
2018-07-19T13:30:00+00:00,51.4822998046875
2018-07-20T13:30:00+00:00,51.45658874511719
2018-07-23T13:30:00+00:00,50.69369125366211
2018-07-24T13:30:00+00:00,51.09657287597656
2018-07-25T13:30:00+00:00,50.0765266418457
2018-07-26T13:30:00+00:00,50.95085525512695
2018-07-27T13:30:00+00:00,50.68511962890625
2018-07-30T13:30:00+00:00,50.435787200927734
2018-07-31T13:30:00+00:00,51.183807373046875
2018-08-01T13:30:00+00:00,50.44438171386719
2018-08-02T13:30:00+00:00,50.521759033203125
2018-08-03T13:30:00+00:00,50.51316833496094
2018-08-06T13:30:00+00:00,50.435787200927734
2018-08-07T13:30:00+00:00,50.83988952636719
2018-08-08T13:30:00+00:00,50.28962326049805
2018-08-09T13:30:00+00:00,49.9800910949707
2018-08-10T13:30:00+00:00,49.404022216796875
2018-08-13T13:30:00+00:00,48.7935676574707
2018-08-14T13:30:00+00:00,49.6275749206543
2018-08-15T13:30:00+00:00,49.85111999511719
2018-08-16T13:30:00+00:00,50.05747604370117
2018-08-17T13:30:00+00:00,50.15203857421875
2018-08-20T13:30:00+00:00,50.409996032714844
2018-08-21T13:30:00+00:00,50.848480224609375
2018-08-22T13:30:00+00:00,50.24662780761719
2018-08-23T13:30:00+00:00,49.97148132324219
2018-08-24T13:30:00+00:00,50.20363235473633
2018-08-27T13:30:00+00:00,51.0118522644043
2018-08-28T13:30:00+00:00,50.92586135864258
2018-08-29T13:30:00+00:00,51.037635803222656
2018-08-30T13:30:00+00:00,50.28962326049805
2018-08-31T13:30:00+00:00,49.937110900878906
2018-09-04T13:30:00+00:00,49.644771575927734
2018-09-05T13:30:00+00:00,49.7479362487793
2018-09-06T13:30:00+00:00,49.85111999511719
2018-09-07T13:30:00+00:00,50.298213958740234
2018-09-10T13:30:00+00:00,50.77109909057617
2018-09-11T13:30:00+00:00,50.272403717041016
2018-09-12T13:30:00+00:00,50.72810745239258
2018-09-13T13:30:00+00:00,50.78830337524414
2018-09-14T13:30:00+00:00,51.037635803222656
2018-09-17T13:30:00+00:00,51.09782791137695
2018-09-18T13:30:00+00:00,51.00325012207031
2018-09-19T13:30:00+00:00,52.129573822021484
2018-09-20T13:30:00+00:00,52.000614166259766
2018-09-21T13:30:00+00:00,51.347171783447266
2018-09-24T13:30:00+00:00,49.97148132324219
2018-09-25T13:30:00+00:00,47.98535919189453
2018-09-26T13:30:00+00:00,47.297523498535156
2018-09-27T13:30:00+00:00,46.515098571777344
2018-09-28T13:30:00+00:00,45.88744354248047
2018-10-01T13:30:00+00:00,46.308746337890625
2018-10-02T13:30:00+00:00,44.98466110229492
2018-10-03T13:30:00+00:00,45.6295051574707
2018-10-04T13:30:00+00:00,44.97605514526367
2018-10-05T13:30:00+00:00,44.30542755126953
2018-10-08T13:30:00+00:00,44.51176834106445
2018-10-09T13:30:00+00:00,42.86954879760742
2018-10-10T13:30:00+00:00,41.691627502441406
2018-10-11T13:30:00+00:00,41.1585578918457
2018-10-12T13:30:00+00:00,41.0639762878418
2018-10-15T13:30:00+00:00,40.89201736450195
2018-10-16T13:30:00+00:00,41.82060623168945
2018-10-17T13:30:00+00:00,40.94361114501953
2018-10-18T13:30:00+00:00,39.93763732910156
2018-10-19T13:30:00+00:00,38.8456916809082
2018-10-22T13:30:00+00:00,39.11222457885742
2018-10-23T13:30:00+00:00,38.86288833618164
2018-10-24T13:30:00+00:00,38.114871978759766
2018-10-25T13:30:00+00:00,38.8456916809082
2018-10-26T13:30:00+00:00,37.60758972167969
2018-10-29T13:30:00+00:00,36.35227966308594
2018-10-30T13:30:00+00:00,39.51559066772461
2018-10-31T13:30:00+00:00,39.35139083862305
2018-11-01T13:30:00+00:00,41.563987731933594
2018-11-02T13:30:00+00:00,41.563987731933594
2018-11-05T14:30:00+00:00,41.05405044555664
2018-11-06T14:30:00+00:00,41.0886116027832
2018-11-07T14:30:00+00:00,41.22691345214844
2018-11-08T14:30:00+00:00,40.45768356323242
2018-11-09T14:30:00+00:00,39.5501823425293
2018-11-12T14:30:00+00:00,39.18716812133789
2018-11-13T14:30:00+00:00,39.5069580078125
2018-11-14T14:30:00+00:00,39.09208679199219
2018-11-15T14:30:00+00:00,39.97368621826172
2018-11-16T14:30:00+00:00,39.7662467956543
2018-11-19T14:30:00+00:00,39.44645309448242
2018-11-20T14:30:00+00:00,39.26495361328125
2018-11-21T14:30:00+00:00,39.524261474609375
2018-11-23T14:30:00+00:00,39.44645309448242
2018-11-26T14:30:00+00:00,40.129249572753906
2018-11-27T14:30:00+00:00,39.85268020629883
2018-11-28T14:30:00+00:00,40.812042236328125
2018-11-29T14:30:00+00:00,40.483619689941406
2018-11-30T14:30:00+00:00,40.950340270996094
2018-12-03T14:30:00+00:00,41.520774841308594
2018-12-04T14:30:00+00:00,39.04023361206055
2018-12-06T14:30:00+00:00,38.547603607177734
2018-12-07T14:30:00+00:00,37.95124053955078
2018-12-10T14:30:00+00:00,37.138790130615234
2018-12-11T14:30:00+00:00,36.87085723876953
2018-12-12T14:30:00+00:00,36.79308319091797
2018-12-13T14:30:00+00:00,36.50785827636719
2018-12-14T14:30:00+00:00,35.790496826171875
2018-12-17T14:30:00+00:00,36.62886047363281
2018-12-18T14:30:00+00:00,37.19064712524414
2018-12-19T14:30:00+00:00,36.91407012939453
2018-12-20T14:30:00+00:00,37.0523681640625
2018-12-21T14:30:00+00:00,36.291778564453125
2018-12-24T14:30:00+00:00,36.309059143066406
2018-12-26T14:30:00+00:00,37.311641693115234
2018-12-27T14:30:00+00:00,37.07829666137695
2018-12-28T14:30:00+00:00,36.905433654785156
2018-12-31T14:30:00+00:00,36.905433654785156
2019-01-02T14:30:00+00:00,37.57094192504883
2019-01-03T14:30:00+00:00,36.66341781616211
2019-01-04T14:30:00+00:00,38.13273620605469
2019-01-07T14:30:00+00:00,38.81551742553711
2019-01-08T14:30:00+00:00,39.7662467956543
2019-01-09T14:30:00+00:00,40.319400787353516
2019-01-10T14:30:00+00:00,40.23297119140625
2019-01-11T14:30:00+00:00,40.051475524902344
2019-01-14T14:30:00+00:00,40.103328704833984
2019-01-15T14:30:00+00:00,39.7662467956543
2019-01-16T14:30:00+00:00,39.51559066772461
2019-01-17T14:30:00+00:00,40.1724739074707
2019-01-18T14:30:00+00:00,41.49483871459961
2019-01-22T14:30:00+00:00,40.76018524169922
2019-01-23T14:30:00+00:00,40.1724739074707
2019-01-24T14:30:00+00:00,40.103328704833984
2019-01-25T14:30:00+00:00,41.140472412109375
2019-01-28T14:30:00+00:00,41.65904998779297
2019-01-29T14:30:00+00:00,41.365196228027344
2019-01-30T14:30:00+00:00,41.504112243652344
2019-01-31T14:30:00+00:00,41.55622100830078
2019-02-01T14:30:00+00:00,41.825374603271484
2019-02-04T14:30:00+00:00,42.780517578125
2019-02-05T14:30:00+00:00,43.040992736816406
2019-02-06T14:30:00+00:00,43.19728469848633
2019-02-07T14:30:00+00:00,42.81523895263672
2019-02-08T14:30:00+00:00,42.771820068359375
2019-02-11T14:30:00+00:00,43.1278076171875
2019-02-12T14:30:00+00:00,44.187129974365234
2019-02-13T14:30:00+00:00,44.647315979003906
2019-02-14T14:30:00+00:00,44.36079406738281
2019-02-15T14:30:00+00:00,44.838340759277344
2019-02-19T14:30:00+00:00,45.14224624633789
2019-02-20T14:30:00+00:00,45.55902099609375
2019-02-21T14:30:00+00:00,45.68059539794922
2019-02-22T14:30:00+00:00,46.175498962402344
2019-02-25T14:30:00+00:00,46.31443786621094
2019-02-26T14:30:00+00:00,45.82820129394531
2019-02-27T14:30:00+00:00,45.793460845947266
2019-02-28T14:30:00+00:00,45.09014892578125
2019-03-01T14:30:00+00:00,45.65453338623047
2019-03-04T14:30:00+00:00,45.58506774902344
2019-03-05T14:30:00+00:00,45.15092468261719
2019-03-06T14:30:00+00:00,45.03804397583008
2019-03-07T14:30:00+00:00,44.03952407836914
2019-03-08T14:30:00+00:00,44.169761657714844
2019-03-11T13:30:00+00:00,44.41288375854492
2019-03-12T13:30:00+00:00,44.66468048095703
2019-03-13T13:30:00+00:00,44.638633728027344
2019-03-14T13:30:00+00:00,44.256591796875
2019-03-15T13:30:00+00:00,44.56049346923828
2019-03-18T13:30:00+00:00,45.23775863647461
2019-03-19T13:30:00+00:00,45.26380920410156
2019-03-20T13:30:00+00:00,45.12488555908203
2019-03-21T13:30:00+00:00,45.888980865478516
2019-03-22T13:30:00+00:00,44.92518615722656
2019-03-25T13:30:00+00:00,44.873077392578125
2019-03-26T13:30:00+00:00,44.76020050048828
2019-03-27T13:30:00+00:00,45.12488555908203
2019-03-28T13:30:00+00:00,45.60244369506836
2019-03-29T13:30:00+00:00,46.29706573486328
2019-04-01T13:30:00+00:00,46.87881851196289
2019-04-02T13:30:00+00:00,46.9309196472168
2019-04-03T13:30:00+00:00,47.3216438293457
2019-04-04T13:30:00+00:00,47.59950256347656
2019-04-05T13:30:00+00:00,47.90339660644531
2019-04-08T13:30:00+00:00,47.946807861328125
2019-04-09T13:30:00+00:00,46.74857711791992
2019-04-10T13:30:00+00:00,47.05247497558594
2019-04-11T13:30:00+00:00,47.660282135009766
2019-04-12T13:30:00+00:00,48.19861602783203
2019-04-15T13:30:00+00:00,48.26808547973633
2019-04-16T13:30:00+00:00,48.57198715209961
2019-04-17T13:30:00+00:00,48.62407684326172
2019-04-18T13:30:00+00:00,49.049537658691406
2019-04-22T13:30:00+00:00,48.70222091674805
2019-04-23T13:30:00+00:00,48.8671989440918
2019-04-24T13:30:00+00:00,48.82378005981445
2019-04-25T13:30:00+00:00,48.051002502441406
2019-04-26T13:30:00+00:00,48.545936584472656
2019-04-29T13:30:00+00:00,48.650550842285156
2019-04-30T13:30:00+00:00,45.826175689697266
2019-05-01T13:30:00+00:00,45.76514434814453
2019-05-02T13:30:00+00:00,45.782596588134766
2019-05-03T13:30:00+00:00,46.7589111328125
2019-05-06T13:30:00+00:00,45.224693298339844
2019-05-07T13:30:00+00:00,44.79755401611328
2019-05-08T13:30:00+00:00,43.84737777709961
2019-05-09T13:30:00+00:00,43.995582580566406
2019-05-10T13:30:00+00:00,43.777645111083984
2019-05-13T13:30:00+00:00,41.929595947265625
2019-05-14T13:30:00+00:00,42.10394287109375
2019-05-15T13:30:00+00:00,41.96445846557617
2019-05-16T13:30:00+00:00,39.33189010620117
2019-05-17T13:30:00+00:00,38.22480392456055
2019-05-20T13:30:00+00:00,37.71049499511719
2019-05-21T13:30:00+00:00,38.87859344482422
2019-05-22T13:30:00+00:00,38.338134765625
2019-05-23T13:30:00+00:00,38.0853271484375
2019-05-24T13:30:00+00:00,38.3817024230957
2019-05-28T13:30:00+00:00,37.52741241455078
2019-05-29T13:30:00+00:00,35.90603256225586
2019-05-30T13:30:00+00:00,35.90603256225586
2019-05-31T13:30:00+00:00,35.30454635620117
2019-06-03T13:30:00+00:00,36.02808380126953
2019-06-04T13:30:00+00:00,37.623313903808594
2019-06-05T13:30:00+00:00,37.80637741088867
2019-06-06T13:30:00+00:00,37.69305419921875
2019-06-07T13:30:00+00:00,38.207366943359375
2019-06-10T13:30:00+00:00,38.68681716918945
2019-06-11T13:30:00+00:00,38.869876861572266
2019-06-12T13:30:00+00:00,39.15754318237305
2019-06-13T13:30:00+00:00,39.48879623413086
2019-06-14T13:30:00+00:00,39.689292907714844
2019-06-17T13:30:00+00:00,39.584678649902344
2019-06-18T13:30:00+00:00,39.44520568847656
2019-06-19T13:30:00+00:00,39.51494598388672
2019-06-20T13:30:00+00:00,39.94208526611328
2019-06-21T13:30:00+00:00,40.072845458984375
2019-06-24T13:30:00+00:00,39.98566436767578
2019-06-25T13:30:00+00:00,40.17744064331055
2019-06-26T13:30:00+00:00,40.255889892578125
2019-06-27T13:30:00+00:00,40.16872787475586
2019-06-28T13:30:00+00:00,41.11018371582031
2019-07-01T13:30:00+00:00,40.909690856933594
2019-07-02T13:30:00+00:00,40.961997985839844
2019-07-03T13:30:00+00:00,40.78764724731445
2019-07-05T13:30:00+00:00,40.97942352294922
2019-07-08T13:30:00+00:00,39.41033935546875
2019-07-09T13:30:00+00:00,39.27958297729492
2019-07-10T13:30:00+00:00,39.02677536010742
2019-07-11T13:30:00+00:00,38.634517669677734
2019-07-12T13:30:00+00:00,39.39289855957031
2019-07-15T13:30:00+00:00,38.87859344482422
2019-07-16T13:30:00+00:00,39.401615142822266
2019-07-17T13:30:00+00:00,38.747825622558594
2019-07-18T13:30:00+00:00,38.34684371948242
2019-07-19T13:30:00+00:00,37.989444732666016
2019-07-22T13:30:00+00:00,37.84123992919922
2019-07-23T13:30:00+00:00,38.93960952758789
2019-07-24T13:30:00+00:00,39.349308013916016
2019-07-25T13:30:00+00:00,39.2970085144043
2019-07-26T13:30:00+00:00,39.122676849365234
2019-07-29T13:30:00+00:00,38.19865417480469
2019-07-30T13:30:00+00:00,39.679290771484375
2019-07-31T13:30:00+00:00,39.819461822509766
2019-08-01T13:30:00+00:00,38.27750778198242
2019-08-02T13:30:00+00:00,38.32130432128906
2019-08-05T13:30:00+00:00,38.24245834350586
2019-08-06T13:30:00+00:00,39.337608337402344
2019-08-07T13:30:00+00:00,39.784420013427734
2019-08-08T13:30:00+00:00,40.222476959228516
2019-08-09T13:30:00+00:00,39.889556884765625
2019-08-12T13:30:00+00:00,39.8632698059082
2019-08-13T13:30:00+00:00,39.92460250854492
2019-08-14T13:30:00+00:00,39.29379653930664
2019-08-15T13:30:00+00:00,40.38894271850586
2019-08-16T13:30:00+00:00,40.537879943847656
2019-08-19T13:30:00+00:00,40.827003479003906
2019-08-20T13:30:00+00:00,40.45901870727539
2019-08-21T13:30:00+00:00,41.019752502441406
2019-08-22T13:30:00+00:00,40.70433807373047
2019-08-23T13:30:00+00:00,39.4339714050293
2019-08-26T13:30:00+00:00,39.60043716430664
2019-08-27T13:30:00+00:00,38.969635009765625
2019-08-28T13:30:00+00:00,39.50407028198242
2019-08-29T13:30:00+00:00,40.415225982666016
2019-08-30T13:30:00+00:00,40.75690841674805
2019-09-03T13:30:00+00:00,39.95087814331055
2019-09-04T13:30:00+00:00,40.564170837402344
2019-09-05T13:30:00+00:00,41.72063446044922
2019-09-06T13:30:00+00:00,41.88710021972656
2019-09-09T13:30:00+00:00,43.017295837402344
2019-09-10T13:30:00+00:00,43.56047058105469
2019-09-11T13:30:00+00:00,44.54172897338867
2019-09-12T13:30:00+00:00,45.303951263427734
2019-09-13T13:30:00+00:00,44.01605987548828
2019-09-16T13:30:00+00:00,42.71064758300781
2019-09-17T13:30:00+00:00,43.069854736328125
2019-09-18T13:30:00+00:00,42.75445556640625
2019-09-19T13:30:00+00:00,42.48286437988281
2019-09-20T13:30:00+00:00,41.59798049926758
2019-09-23T13:30:00+00:00,41.85205078125
2019-09-24T13:30:00+00:00,41.492835998535156
2019-09-25T13:30:00+00:00,42.036033630371094
2019-09-26T13:30:00+00:00,41.60673904418945
2019-09-27T13:30:00+00:00,41.755672454833984
2019-09-30T13:30:00+00:00,41.79948043823242
2019-10-01T13:30:00+00:00,41.010982513427734
2019-10-02T13:30:00+00:00,39.5916748046875
2019-10-03T13:30:00+00:00,39.42521286010742
2019-10-04T13:30:00+00:00,39.872032165527344
2019-10-07T13:30:00+00:00,39.53912353515625
2019-10-08T13:30:00+00:00,39.63547897338867
2019-10-09T13:30:00+00:00,39.8282356262207
2019-10-10T13:30:00+00:00,40.599212646484375
2019-10-11T13:30:00+00:00,42.044795989990234
2019-10-14T13:30:00+00:00,41.8170051574707
2019-10-15T13:30:00+00:00,42.44780731201172
2019-10-16T13:30:00+00:00,42.76321792602539
2019-10-17T13:30:00+00:00,43.82331466674805
2019-10-18T13:30:00+00:00,44.690670013427734
2019-10-21T13:30:00+00:00,44.76952362060547
2019-10-22T13:30:00+00:00,45.330238342285156
2019-10-23T13:30:00+00:00,44.55050277709961
2019-10-24T13:30:00+00:00,44.611820220947266
2019-10-25T13:30:00+00:00,44.74323654174805
2019-10-28T13:30:00+00:00,44.98855972290039
2019-10-29T13:30:00+00:00,43.131187438964844
2019-10-30T13:30:00+00:00,44.35494613647461
2019-10-31T13:30:00+00:00,43.73866271972656
2019-11-01T13:30:00+00:00,44.26690673828125
2019-11-04T14:30:00+00:00,44.77755355834961
2019-11-05T14:30:00+00:00,45.68436050415039
2019-11-06T14:30:00+00:00,45.807613372802734
2019-11-07T14:30:00+00:00,45.666748046875
2019-11-08T14:30:00+00:00,45.85165023803711
2019-11-11T14:30:00+00:00,45.56110763549805
2019-11-12T14:30:00+00:00,45.82522964477539
2019-11-13T14:30:00+00:00,45.587520599365234
2019-11-14T14:30:00+00:00,45.35861587524414
2019-11-15T14:30:00+00:00,44.70710754394531
2019-11-18T14:30:00+00:00,43.360084533691406
2019-11-19T14:30:00+00:00,42.497291564941406
2019-11-20T14:30:00+00:00,42.33881378173828
2019-11-21T14:30:00+00:00,42.655757904052734
2019-11-22T14:30:00+00:00,42.435665130615234
2019-11-25T14:30:00+00:00,42.928688049316406
2019-11-26T14:30:00+00:00,42.86705780029297
2019-11-27T14:30:00+00:00,42.91108322143555
2019-11-29T14:30:00+00:00,42.61174392700195
2019-12-02T14:30:00+00:00,41.669708251953125
2019-12-03T14:30:00+00:00,41.115047454833984
2019-12-04T14:30:00+00:00,40.824520111083984
2019-12-05T14:30:00+00:00,41.2911262512207
2019-12-06T14:30:00+00:00,41.19428634643555
2019-12-09T14:30:00+00:00,39.952911376953125
2019-12-10T14:30:00+00:00,39.96171188354492
2019-12-11T14:30:00+00:00,40.076171875
2019-12-12T14:30:00+00:00,41.19428634643555
2019-12-13T14:30:00+00:00,40.956573486328125
2019-12-16T14:30:00+00:00,40.66604232788086
2019-12-17T14:30:00+00:00,41.21189880371094
2019-12-18T14:30:00+00:00,41.493621826171875
2019-12-19T14:30:00+00:00,41.68730545043945
2019-12-20T14:30:00+00:00,41.74894332885742
2019-12-23T14:30:00+00:00,41.50242233276367
2019-12-24T14:30:00+00:00,41.819374084472656
2019-12-26T14:30:00+00:00,42.03068161010742
2019-12-27T14:30:00+00:00,42.09231185913086
2019-12-30T14:30:00+00:00,41.88100814819336
2019-12-31T14:30:00+00:00,41.94263458251953
2020-01-02T14:30:00+00:00,42.05707931518555
2020-01-03T14:30:00+00:00,41.68730545043945
2020-01-06T14:30:00+00:00,41.95143508911133
2020-01-07T14:30:00+00:00,41.669708251953125
2020-01-08T14:30:00+00:00,41.60807418823242
2020-01-09T14:30:00+00:00,41.42319107055664
2020-01-10T14:30:00+00:00,41.92502212524414
2020-01-13T14:30:00+00:00,42.73499298095703
2020-01-14T14:30:00+00:00,41.59046936035156
2020-01-15T14:30:00+00:00,41.03580856323242
2020-01-16T14:30:00+00:00,41.933834075927734
2020-01-17T14:30:00+00:00,41.31754684448242
2020-01-21T14:30:00+00:00,41.39677429199219
2020-01-22T14:30:00+00:00,40.938961029052734
2020-01-23T14:30:00+00:00,41.12385177612305
2020-01-24T14:30:00+00:00,39.99692153930664
2020-01-27T14:30:00+00:00,38.570674896240234
2020-01-28T14:30:00+00:00,40.049747467041016
2020-01-29T14:30:00+00:00,39.01087188720703
2020-01-30T14:30:00+00:00,38.462039947509766
2020-01-31T14:30:00+00:00,37.7892951965332
2020-02-03T14:30:00+00:00,37.426353454589844
2020-02-04T14:30:00+00:00,37.87782287597656
2020-02-05T14:30:00+00:00,38.77186965942383
2020-02-06T14:30:00+00:00,38.329261779785156
2020-02-07T14:30:00+00:00,37.169647216796875
2020-02-10T14:30:00+00:00,38.06370544433594
2020-02-11T14:30:00+00:00,38.957763671875
2020-02-12T14:30:00+00:00,39.20561218261719
2020-02-13T14:30:00+00:00,38.94890594482422
2020-02-14T14:30:00+00:00,38.88693618774414
2020-02-18T14:30:00+00:00,38.93121337890625
2020-02-19T14:30:00+00:00,39.03743362426758
2020-02-20T14:30:00+00:00,39.409217834472656
2020-02-21T14:30:00+00:00,39.02858352661133
2020-02-24T14:30:00+00:00,37.92206954956055
2020-02-25T14:30:00+00:00,36.24904251098633
2020-02-26T14:30:00+00:00,35.054019927978516
2020-02-27T14:30:00+00:00,35.51432800292969
2020-02-28T14:30:00+00:00,35.0097541809082
2020-03-02T14:30:00+00:00,36.29330062866211
2020-03-03T14:30:00+00:00,34.25733947753906
2020-03-04T14:30:00+00:00,35.91265869140625
2020-03-05T14:30:00+00:00,36.850975036621094
2020-03-06T14:30:00+00:00,37.7892951965332
2020-03-09T13:30:00+00:00,36.24904251098633
2020-03-10T13:30:00+00:00,37.346683502197266
2020-03-11T13:30:00+00:00,35.38154220581055
2020-03-12T13:30:00+00:00,34.283897399902344
2020-03-13T13:30:00+00:00,36.72705078125
2020-03-16T13:30:00+00:00,33.628849029541016
2020-03-17T13:30:00+00:00,34.637969970703125
2020-03-18T13:30:00+00:00,34.01833724975586
2020-03-19T13:30:00+00:00,32.619712829589844
2020-03-20T13:30:00+00:00,30.760787963867188
2020-03-23T13:30:00+00:00,31.513214111328125
2020-03-24T13:30:00+00:00,32.3010368347168
2020-03-25T13:30:00+00:00,32.65511703491211
2020-03-26T13:30:00+00:00,33.00035095214844
2020-03-27T13:30:00+00:00,32.619712829589844
2020-03-30T13:30:00+00:00,34.16880416870117
2020-03-31T13:30:00+00:00,33.469505310058594
2020-04-01T13:30:00+00:00,31.522062301635742
2020-04-02T13:30:00+00:00,31.814176559448242
2020-04-03T13:30:00+00:00,31.7522029876709
2020-04-06T13:30:00+00:00,33.83244705200195
2020-04-07T13:30:00+00:00,35.10713195800781
2020-04-08T13:30:00+00:00,35.602848052978516
2020-04-09T13:30:00+00:00,35.5939826965332
2020-04-13T13:30:00+00:00,35.0805778503418
2020-04-14T13:30:00+00:00,36.001182556152344
2020-04-15T13:30:00+00:00,35.478919982910156
2020-04-16T13:30:00+00:00,35.319580078125
2020-04-17T13:30:00+00:00,36.36412048339844
2020-04-20T13:30:00+00:00,35.71791076660156
2020-04-21T13:30:00+00:00,34.2750358581543
2020-04-22T13:30:00+00:00,34.31929397583008
2020-04-23T13:30:00+00:00,35.08943557739258
2020-04-24T13:30:00+00:00,35.75333786010742
2020-04-27T13:30:00+00:00,37.64766311645508
2020-04-28T13:30:00+00:00,38.38237380981445
2020-04-29T13:30:00+00:00,39.2191047668457
2020-04-30T13:30:00+00:00,37.72368621826172
2020-05-01T13:30:00+00:00,37.073890686035156
2020-05-04T13:30:00+00:00,37.36762237548828
2020-05-05T13:30:00+00:00,37.527854919433594
2020-05-06T13:30:00+00:00,38.854148864746094
2020-05-07T13:30:00+00:00,38.551513671875
2020-05-08T13:30:00+00:00,39.86890411376953
2020-05-11T13:30:00+00:00,39.1122932434082
2020-05-12T13:30:00+00:00,37.45664978027344
2020-05-13T13:30:00+00:00,35.58737564086914
2020-05-14T13:30:00+00:00,35.85442352294922
2020-05-15T13:30:00+00:00,35.97013473510742
2020-05-18T13:30:00+00:00,38.720638275146484
2020-05-19T13:30:00+00:00,37.36762237548828
2020-05-20T13:30:00+00:00,37.79489517211914
2020-05-21T13:30:00+00:00,37.99072265625
2020-05-22T13:30:00+00:00,37.58125686645508
2020-05-26T13:30:00+00:00,39.904510498046875
2020-05-27T13:30:00+00:00,42.023006439208984
2020-05-28T13:30:00+00:00,41.471134185791016
2020-05-29T13:30:00+00:00,42.28114318847656
2020-06-01T13:30:00+00:00,42.12092971801758
2020-06-02T13:30:00+00:00,42.61940002441406
2020-06-03T13:30:00+00:00,44.372947692871094
2020-06-04T13:30:00+00:00,45.01383972167969
2020-06-05T13:30:00+00:00,46.28672790527344
2020-06-08T13:30:00+00:00,45.2897834777832
2020-06-09T13:30:00+00:00,43.85667037963867
2020-06-10T13:30:00+00:00,43.0733642578125
2020-06-11T13:30:00+00:00,41.67586135864258
2020-06-12T13:30:00+00:00,41.79158401489258
2020-06-15T13:30:00+00:00,42.4146614074707
2020-06-16T13:30:00+00:00,42.61940002441406
2020-06-17T13:30:00+00:00,42.45026397705078
2020-06-18T13:30:00+00:00,42.663902282714844
2020-06-19T13:30:00+00:00,42.09423065185547
2020-06-22T13:30:00+00:00,42.00520324707031
2020-06-23T13:30:00+00:00,42.25443649291992
2020-06-24T13:30:00+00:00,40.15373611450195
2020-06-25T13:30:00+00:00,39.82438659667969
2020-06-26T13:30:00+00:00,39.566246032714844
2020-06-29T13:30:00+00:00,41.337608337402344
2020-06-30T13:30:00+00:00,41.942893981933594
2020-07-01T13:30:00+00:00,41.21299362182617
2020-07-02T13:30:00+00:00,42.12092971801758
2020-07-06T13:30:00+00:00,42.76181411743164
2020-07-07T13:30:00+00:00,42.637203216552734
2020-07-08T13:30:00+00:00,42.583797454833984
2020-07-09T13:30:00+00:00,42.34346389770508
2020-07-10T13:30:00+00:00,42.966548919677734
2020-07-13T13:30:00+00:00,43.14457321166992
2020-07-14T13:30:00+00:00,44.44416809082031
2020-07-15T13:30:00+00:00,45.067256927490234
2020-07-16T13:30:00+00:00,45.22747802734375
2020-07-17T13:30:00+00:00,44.978233337402344
2020-07-20T13:30:00+00:00,44.9515380859375
2020-07-21T13:30:00+00:00,45.45001983642578
2020-07-22T13:30:00+00:00,45.414405822753906
2020-07-23T13:30:00+00:00,45.57462692260742
2020-07-24T13:30:00+00:00,45.67254638671875
2020-07-27T13:30:00+00:00,47.03443145751953
2020-07-28T13:30:00+00:00,46.50035858154297
2020-07-29T13:30:00+00:00,47.44390106201172
2020-07-30T13:30:00+00:00,43.33078384399414
2020-07-31T13:30:00+00:00,43.044647216796875
2020-08-03T13:30:00+00:00,43.250308990478516
2020-08-04T13:30:00+00:00,42.8747673034668
2020-08-05T13:30:00+00:00,42.93736267089844
2020-08-06T13:30:00+00:00,43.45596694946289
2020-08-07T13:30:00+00:00,43.733154296875
2020-08-10T13:30:00+00:00,43.64373016357422
2020-08-11T13:30:00+00:00,44.50212478637695
2020-08-12T13:30:00+00:00,44.71672439575195
2020-08-13T13:30:00+00:00,43.86726760864258
2020-08-14T13:30:00+00:00,44.493186950683594
2020-08-17T13:30:00+00:00,44.44847869873047
2020-08-18T13:30:00+00:00,44.26963806152344
2020-08-19T13:30:00+00:00,44.22494125366211
2020-08-20T13:30:00+00:00,43.90304946899414
2020-08-21T13:30:00+00:00,43.7689208984375
2020-08-24T13:30:00+00:00,44.44847869873047
2020-08-25T13:30:00+00:00,44.26070022583008
2020-08-26T13:30:00+00:00,44.24282455444336
2020-08-27T13:30:00+00:00,43.99245071411133
2020-08-28T13:30:00+00:00,44.13553237915039
2020-08-31T13:30:00+00:00,43.786800384521484
2020-09-01T13:30:00+00:00,44.10869598388672
2020-09-02T13:30:00+00:00,44.8776741027832
2020-09-03T13:30:00+00:00,43.607967376708984
2020-09-04T13:30:00+00:00,43.46491241455078
2020-09-08T13:30:00+00:00,42.25779724121094
2020-09-09T13:30:00+00:00,43.14301300048828
2020-09-10T13:30:00+00:00,43.286075592041016
2020-09-11T13:30:00+00:00,43.61691665649414
2020-09-14T13:30:00+00:00,44.582603454589844
2020-09-15T13:30:00+00:00,45.4141731262207
2020-09-16T13:30:00+00:00,46.27254867553711
2020-09-17T13:30:00+00:00,47.55120086669922
2020-09-18T13:30:00+00:00,47.6048469543457
2020-09-21T13:30:00+00:00,46.38878631591797
2020-09-22T13:30:00+00:00,47.086246490478516
2020-09-23T13:30:00+00:00,46.3172607421875
2020-09-24T13:30:00+00:00,47.3902587890625
2020-09-25T13:30:00+00:00,46.639156341552734
2020-09-28T13:30:00+00:00,47.6495475769043
2020-09-29T13:30:00+00:00,48.04298782348633
2020-09-30T13:30:00+00:00,47.21141815185547
2020-10-01T13:30:00+00:00,47.91780090332031
2020-10-02T13:30:00+00:00,47.8641471862793
2020-10-05T13:30:00+00:00,49.3663330078125
2020-10-06T13:30:00+00:00,47.9267463684082
2020-10-07T13:30:00+00:00,48.35594940185547
2020-10-08T13:30:00+00:00,50.74332809448242
2020-10-09T13:30:00+00:00,51.13676071166992
2020-10-12T13:30:00+00:00,50.510860443115234
2020-10-13T13:30:00+00:00,49.35738754272461
2020-10-14T13:30:00+00:00,49.688236236572266
2020-10-15T13:30:00+00:00,49.92070770263672
2020-10-16T13:30:00+00:00,49.509395599365234
2020-10-19T13:30:00+00:00,49.14279556274414
2020-10-20T13:30:00+00:00,49.29480743408203
2020-10-21T13:30:00+00:00,49.00867462158203
2020-10-22T13:30:00+00:00,49.098079681396484
2020-10-23T13:30:00+00:00,49.11597442626953
2020-10-26T13:30:00+00:00,48.22181701660156
2020-10-27T13:30:00+00:00,47.41706848144531
2020-10-28T13:30:00+00:00,46.01325607299805
2020-10-29T13:30:00+00:00,47.972415924072266
2020-10-30T13:30:00+00:00,46.45362091064453
2020-11-02T14:30:00+00:00,47.496089935302734
2020-11-03T14:30:00+00:00,47.900508880615234
2020-11-04T14:30:00+00:00,47.10965347290039
2020-11-05T14:30:00+00:00,48.367835998535156
2020-11-06T14:30:00+00:00,49.03287124633789
2020-11-09T14:30:00+00:00,47.74773406982422
2020-11-10T14:30:00+00:00,49.2036247253418
2020-11-11T14:30:00+00:00,49.266536712646484
2020-11-12T14:30:00+00:00,48.61049270629883
2020-11-13T14:30:00+00:00,49.491214752197266
2020-11-16T14:30:00+00:00,50.68647384643555
2020-11-17T14:30:00+00:00,50.668495178222656
2020-11-18T14:30:00+00:00,50.767356872558594
2020-11-19T14:30:00+00:00,50.86620330810547
2020-11-20T14:30:00+00:00,50.38091278076172
2020-11-23T14:30:00+00:00,51.66605758666992
2020-11-24T14:30:00+00:00,52.08843994140625
2020-11-25T14:30:00+00:00,50.65950393676758
2020-11-27T14:30:00+00:00,51.297584533691406
2020-11-30T14:30:00+00:00,50.60558319091797
2020-12-01T14:30:00+00:00,49.48221969604492
2020-12-02T14:30:00+00:00,49.311458587646484
2020-12-03T14:30:00+00:00,49.39234924316406
2020-12-04T14:30:00+00:00,49.48221969604492
2020-12-07T14:30:00+00:00,49.70689392089844
2020-12-08T14:30:00+00:00,50.40787887573242
2020-12-09T14:30:00+00:00,51.82780456542969
2020-12-10T14:30:00+00:00,50.60558319091797
2020-12-11T14:30:00+00:00,50.65052032470703
2020-12-14T14:30:00+00:00,49.79676818847656
2020-12-15T14:30:00+00:00,50.70444869995117
2020-12-16T14:30:00+00:00,49.50019454956055
2020-12-17T14:30:00+00:00,49.66196060180664
2020-12-18T14:30:00+00:00,50.00345230102539
2020-12-21T14:30:00+00:00,50.16522979736328
2020-12-22T14:30:00+00:00,49.751827239990234
2020-12-23T14:30:00+00:00,49.52715301513672
2020-12-24T14:30:00+00:00,49.85966491699219
2020-12-28T14:30:00+00:00,49.985469818115234
2020-12-29T14:30:00+00:00,49.16768264770508
2020-12-30T14:30:00+00:00,49.16768264770508
2020-12-31T14:30:00+00:00,49.266536712646484
2021-01-04T14:30:00+00:00,48.45769119262695
2021-01-05T14:30:00+00:00,48.77225112915039
2021-01-06T14:30:00+00:00,50.45280838012695
2021-01-07T14:30:00+00:00,51.07291030883789
2021-01-08T14:30:00+00:00,50.47077941894531
2021-01-11T14:30:00+00:00,51.13581848144531
2021-01-12T14:30:00+00:00,52.82537078857422
2021-01-13T14:30:00+00:00,52.41197204589844
2021-01-14T14:30:00+00:00,51.6031379699707
2021-01-15T14:30:00+00:00,51.07291030883789
2021-01-19T14:30:00+00:00,51.405426025390625
2021-01-20T14:30:00+00:00,51.9805908203125
2021-01-21T14:30:00+00:00,52.16033172607422
2021-01-22T14:30:00+00:00,51.9087028503418
2021-01-25T14:30:00+00:00,51.15379333496094
2021-01-26T14:30:00+00:00,48.9699592590332
2021-01-27T14:30:00+00:00,47.80165100097656
2021-01-28T14:30:00+00:00,51.396034240722656
2021-01-29T14:30:00+00:00,49.038917541503906
2021-02-01T14:30:00+00:00,50.60129928588867
2021-02-02T14:30:00+00:00,51.82952880859375
2021-02-03T14:30:00+00:00,51.67600631713867
2021-02-04T14:30:00+00:00,52.95841598510742
2021-02-05T14:30:00+00:00,54.1866455078125
2021-02-08T14:30:00+00:00,55.43293762207031
2021-02-09T14:30:00+00:00,55.37874984741211
2021-02-10T14:30:00+00:00,55.28844451904297
2021-02-11T14:30:00+00:00,55.17103576660156
2021-02-12T14:30:00+00:00,54.52079772949219
2021-02-16T14:30:00+00:00,53.39191436767578
2021-02-17T14:30:00+00:00,53.518341064453125
2021-02-18T14:30:00+00:00,52.515892028808594
2021-02-19T14:30:00+00:00,53.86152648925781
2021-02-22T14:30:00+00:00,55.85740661621094
2021-02-23T14:30:00+00:00,55.776123046875
2021-02-24T14:30:00+00:00,55.36069107055664
2021-02-25T14:30:00+00:00,54.39436721801758
2021-02-26T14:30:00+00:00,53.61769104003906
2021-03-01T14:30:00+00:00,54.791725158691406
2021-03-02T14:30:00+00:00,55.01750564575195
2021-03-03T14:30:00+00:00,55.97481155395508
2021-03-04T14:30:00+00:00,55.12588882446289
2021-03-05T14:30:00+00:00,56.42636489868164
2021-03-08T14:30:00+00:00,57.54621505737305
2021-03-09T14:30:00+00:00,57.248191833496094
2021-03-10T14:30:00+00:00,58.69317626953125
2021-03-11T14:30:00+00:00,58.684139251708984
2021-03-12T14:30:00+00:00,58.14226531982422
2021-03-15T13:30:00+00:00,58.955081939697266
2021-03-16T13:30:00+00:00,59.27115249633789
2021-03-17T13:30:00+00:00,60.25554275512695
2021-03-18T13:30:00+00:00,60.923858642578125
2021-03-19T13:30:00+00:00,60.94192886352539
2021-03-22T13:30:00+00:00,60.94192886352539
2021-03-23T13:30:00+00:00,59.26212692260742
2021-03-24T13:30:00+00:00,58.93701934814453
2021-03-25T13:30:00+00:00,60.26457977294922
2021-03-26T13:30:00+00:00,62.75717544555664
2021-03-29T13:30:00+00:00,62.513343811035156
2021-03-30T13:30:00+00:00,62.486236572265625
2021-03-31T13:30:00+00:00,61.059322357177734
2021-04-01T13:30:00+00:00,61.29413604736328
2021-04-05T13:30:00+00:00,61.39346694946289
2021-04-06T13:30:00+00:00,62.224327087402344
2021-04-07T13:30:00+00:00,60.86968231201172
2021-04-08T13:30:00+00:00,60.35490417480469
2021-04-09T13:30:00+00:00,60.752262115478516
2021-04-12T13:30:00+00:00,61.78180694580078
2021-04-13T13:30:00+00:00,61.09544372558594
2021-04-14T13:30:00+00:00,60.77934646606445
2021-04-15T13:30:00+00:00,61.01416015625
2021-04-16T13:30:00+00:00,61.619258880615234
2021-04-19T13:30:00+00:00,61.29413604736328
2021-04-20T13:30:00+00:00,60.60777282714844
2021-04-21T13:30:00+00:00,61.348304748535156
2021-04-22T13:30:00+00:00,61.18574905395508
2021-04-23T13:30:00+00:00,61.73664093017578
2021-04-26T13:30:00+00:00,61.32122039794922
2021-04-27T13:30:00+00:00,61.51991271972656
2021-04-28T13:30:00+00:00,60.092994689941406
2021-04-29T13:30:00+00:00,62.02415084838867
2021-04-30T13:30:00+00:00,61.4257698059082
2021-05-03T13:30:00+00:00,63.728660583496094
2021-05-04T13:30:00+00:00,64.8529281616211
2021-05-05T13:30:00+00:00,64.57184600830078
2021-05-06T13:30:00+00:00,64.6806640625
2021-05-07T13:30:00+00:00,64.4902572631836
2021-05-10T13:30:00+00:00,65.5057144165039
2021-05-11T13:30:00+00:00,64.25453186035156
2021-05-12T13:30:00+00:00,62.09668731689453
2021-05-13T13:30:00+00:00,64.42679595947266
2021-05-14T13:30:00+00:00,65.07051849365234
2021-05-17T13:30:00+00:00,64.25453186035156
2021-05-18T13:30:00+00:00,62.44121170043945
2021-05-19T13:30:00+00:00,62.214561462402344
2021-05-20T13:30:00+00:00,62.495628356933594
2021-05-21T13:30:00+00:00,62.80388259887695
2021-05-24T13:30:00+00:00,62.72229766845703
2021-05-25T13:30:00+00:00,62.70417785644531
2021-05-26T13:30:00+00:00,63.42947006225586
2021-05-27T13:30:00+00:00,64.46305847167969
2021-05-28T13:30:00+00:00,64.43585968017578
2021-06-01T13:30:00+00:00,64.86200714111328
2021-06-02T13:30:00+00:00,64.59905242919922
2021-06-03T13:30:00+00:00,62.40496063232422
2021-06-04T13:30:00+00:00,62.60441970825195
2021-06-07T13:30:00+00:00,61.83375930786133
2021-06-08T13:30:00+00:00,62.00603485107422
2021-06-09T13:30:00+00:00,62.05136489868164
2021-06-10T13:30:00+00:00,61.46205139160156
2021-06-11T13:30:00+00:00,62.50468063354492
2021-06-14T13:30:00+00:00,62.41401290893555
2021-06-15T13:30:00+00:00,62.794837951660156
2021-06-16T13:30:00+00:00,61.99696731567383
2021-06-17T13:30:00+00:00,60.57352828979492
2021-06-18T13:30:00+00:00,59.88446044921875
2021-06-21T13:30:00+00:00,61.32604217529297
2021-06-22T13:30:00+00:00,61.57990646362305
2021-06-23T13:30:00+00:00,61.77936935424805
2021-06-24T13:30:00+00:00,61.443912506103516
2021-06-25T13:30:00+00:00,62.80388259887695
2021-06-28T13:30:00+00:00,63.80122756958008
2021-06-29T13:30:00+00:00,64.90731048583984
2021-06-30T13:30:00+00:00,65.33344268798828
2021-07-01T13:30:00+00:00,65.3697280883789
2021-07-02T13:30:00+00:00,64.35426330566406
2021-07-06T13:30:00+00:00,63.83747100830078
2021-07-07T13:30:00+00:00,65.30623626708984
2021-07-08T13:30:00+00:00,63.7830810546875
2021-07-09T13:30:00+00:00,64.1457290649414
2021-07-12T13:30:00+00:00,64.5446548461914
2021-07-13T13:30:00+00:00,64.39958953857422
2021-07-14T13:30:00+00:00,64.3814697265625
2021-07-15T13:30:00+00:00,64.16385650634766
2021-07-16T13:30:00+00:00,63.38412857055664
2021-07-19T13:30:00+00:00,62.50468063354492
2021-07-20T13:30:00+00:00,63.64707946777344
2021-07-21T13:30:00+00:00,64.12759399414062
2021-07-22T13:30:00+00:00,62.22361373901367
2021-07-23T13:30:00+00:00,63.13029479980469
2021-07-26T13:30:00+00:00,63.293479919433594
2021-07-27T13:30:00+00:00,63.56547927856445
2021-07-28T13:30:00+00:00,62.9217414855957
2021-07-29T13:30:00+00:00,64.09573364257812
2021-07-30T13:30:00+00:00,64.00473022460938
2021-08-02T13:30:00+00:00,63.558807373046875
2021-08-03T13:30:00+00:00,65.19691467285156
2021-08-04T13:30:00+00:00,65.08768463134766
2021-08-05T13:30:00+00:00,64.92388916015625
2021-08-06T13:30:00+00:00,65.22419738769531
2021-08-09T13:30:00+00:00,64.98760223388672
2021-08-10T13:30:00+00:00,65.42443084716797
2021-08-11T13:30:00+00:00,65.7520523071289
2021-08-12T13:30:00+00:00,64.99668884277344
2021-08-13T13:30:00+00:00,65.48815155029297
2021-08-16T13:30:00+00:00,66.10697174072266
2021-08-17T13:30:00+00:00,64.57807159423828
2021-08-18T13:30:00+00:00,63.98653030395508
2021-08-19T13:30:00+00:00,64.00473022460938
2021-08-20T13:30:00+00:00,64.66905975341797
2021-08-23T13:30:00+00:00,64.87837982177734
2021-08-24T13:30:00+00:00,65.35162353515625
2021-08-25T13:30:00+00:00,65.7520523071289
2021-08-26T13:30:00+00:00,65.28791046142578
2021-08-27T13:30:00+00:00,65.87035369873047
2021-08-30T13:30:00+00:00,66.37999725341797
2021-08-31T13:30:00+00:00,66.17980194091797
2021-09-01T13:30:00+00:00,66.07056427001953
2021-09-02T13:30:00+00:00,67.08074188232422
2021-09-03T13:30:00+00:00,66.65300750732422
2021-09-07T13:30:00+00:00,65.4062271118164
2021-09-08T13:30:00+00:00,65.59734344482422
2021-09-09T13:30:00+00:00,64.57807159423828
2021-09-10T13:30:00+00:00,63.80450439453125
2021-09-13T13:30:00+00:00,63.43137741088867
2021-09-14T13:30:00+00:00,62.184600830078125
2021-09-15T13:30:00+00:00,62.30290222167969
2021-09-16T13:30:00+00:00,60.66480255126953
2021-09-17T13:30:00+00:00,59.408912658691406
2021-09-20T13:30:00+00:00,58.68086242675781
2021-09-21T13:30:00+00:00,58.09842300415039
2021-09-22T13:30:00+00:00,58.03471755981445
2021-09-23T13:30:00+00:00,58.62625503540039
2021-09-24T13:30:00+00:00,58.298622131347656
2021-09-27T13:30:00+00:00,58.74456024169922
2021-09-28T13:30:00+00:00,57.697994232177734
2021-09-29T13:30:00+00:00,57.83449935913086
2021-09-30T13:30:00+00:00,55.577537536621094
2021-10-01T13:30:00+00:00,55.95977783203125
2021-10-04T13:30:00+00:00,55.668548583984375
2021-10-05T13:30:00+00:00,57.93460464477539
2021-10-06T13:30:00+00:00,58.01651382446289
2021-10-07T13:30:00+00:00,58.84466552734375
2021-10-08T13:30:00+00:00,58.453338623046875
2021-10-11T13:30:00+00:00,58.38963317871094
2021-10-12T13:30:00+00:00,57.75259017944336
2021-10-13T13:30:00+00:00,57.93460464477539
2021-10-14T13:30:00+00:00,59.399810791015625
2021-10-15T13:30:00+00:00,59.79113006591797
2021-10-18T13:30:00+00:00,59.709224700927734
2021-10-19T13:30:00+00:00,59.61822509765625
2021-10-20T13:30:00+00:00,60.66480255126953
2021-10-21T13:30:00+00:00,60.728511810302734
2021-10-22T13:30:00+00:00,60.75580596923828
2021-10-25T13:30:00+00:00,60.81040954589844
2021-10-26T13:30:00+00:00,59.64552307128906
2021-10-27T13:30:00+00:00,58.4715461730957
2021-10-28T13:30:00+00:00,64.61393737792969
2021-10-29T13:30:00+00:00,66.78936767578125
2021-11-01T13:30:00+00:00,68.2792739868164
2021-11-02T13:30:00+00:00,71.62469482421875
2021-11-03T13:30:00+00:00,71.6520767211914
2021-11-04T13:30:00+00:00,71.16766357421875
2021-11-05T13:30:00+00:00,70.88429260253906
2021-11-08T14:30:00+00:00,70.93000793457031
2021-11-09T14:30:00+00:00,71.94458770751953
2021-11-10T14:30:00+00:00,71.69779968261719
2021-11-11T14:30:00+00:00,72.82207489013672
2021-11-12T14:30:00+00:00,75.03404235839844
2021-11-15T14:30:00+00:00,74.73242950439453
2021-11-16T14:30:00+00:00,75.42709350585938
2021-11-17T14:30:00+00:00,75.63733673095703
2021-11-18T14:30:00+00:00,75.23515319824219
2021-11-19T14:30:00+00:00,75.37226867675781
2021-11-22T14:30:00+00:00,75.68304443359375
2021-11-23T14:30:00+00:00,75.36312103271484
2021-11-24T14:30:00+00:00,75.30826568603516
2021-11-26T14:30:00+00:00,74.03775787353516
2021-11-29T14:30:00+00:00,73.90978240966797
2021-11-30T14:30:00+00:00,72.25537109375
2021-12-01T14:30:00+00:00,72.63011932373047
2021-12-02T14:30:00+00:00,74.11087799072266
2021-12-03T14:30:00+00:00,74.586181640625
2021-12-06T14:30:00+00:00,74.95178985595703
2021-12-07T14:30:00+00:00,75.76530456542969
2021-12-08T14:30:00+00:00,75.84757995605469
2021-12-09T14:30:00+00:00,75.74702453613281
2021-12-10T14:30:00+00:00,76.44169616699219
2021-12-13T14:30:00+00:00,76.35942840576172
2021-12-14T14:30:00+00:00,74.93351745605469
2021-12-15T14:30:00+00:00,76.4782485961914
2021-12-16T14:30:00+00:00,76.57879638671875
2021-12-17T14:30:00+00:00,73.95548248291016
2021-12-20T14:30:00+00:00,72.45645141601562
2021-12-21T14:30:00+00:00,73.94634246826172
2021-12-22T14:30:00+00:00,74.586181640625
2021-12-23T14:30:00+00:00,75.6556167602539
2021-12-27T14:30:00+00:00,77.41970825195312
2021-12-28T14:30:00+00:00,78.18753051757812
2021-12-29T14:30:00+00:00,78.43431091308594
2021-12-30T14:30:00+00:00,77.95902252197266
2021-12-31T14:30:00+00:00,78.47087860107422
2022-01-03T14:30:00+00:00,76.38685607910156
2022-01-04T14:30:00+00:00,77.6573715209961
2022-01-05T14:30:00+00:00,76.35942840576172
2022-01-06T14:30:00+00:00,76.87130737304688
2022-01-07T14:30:00+00:00,76.0029525756836
2022-01-10T14:30:00+00:00,75.76530456542969
2022-01-11T14:30:00+00:00,76.50567626953125
2022-01-12T14:30:00+00:00,76.7616195678711
2022-01-13T14:30:00+00:00,75.81099700927734
2022-01-14T14:30:00+00:00,73.64472198486328
2022-01-18T14:30:00+00:00,73.72698211669922
2022-01-19T14:30:00+00:00,72.71239471435547
2022-01-20T14:30:00+00:00,71.48756408691406
2022-01-21T14:30:00+00:00,70.21704864501953
2022-01-24T14:30:00+00:00,72.0085678100586
2022-01-25T14:30:00+00:00,68.91908264160156
2022-01-26T14:30:00+00:00,68.29755401611328
2022-01-27T14:30:00+00:00,69.33039855957031
2022-01-28T14:30:00+00:00,69.26619720458984
2022-01-31T14:30:00+00:00,70.1102294921875
2022-02-01T14:30:00+00:00,69.33041381835938
2022-02-02T14:30:00+00:00,68.9909439086914
2022-02-03T14:30:00+00:00,67.97261047363281
2022-02-04T14:30:00+00:00,67.50473022460938
2022-02-07T14:30:00+00:00,67.76160430908203
2022-02-08T14:30:00+00:00,68.0643539428711
2022-02-09T14:30:00+00:00,68.48637390136719
2022-02-10T14:30:00+00:00,66.26617431640625
2022-02-11T14:30:00+00:00,65.42215728759766
2022-02-14T14:30:00+00:00,65.34877014160156
2022-02-15T14:30:00+00:00,66.47721099853516
2022-02-16T14:30:00+00:00,66.3487548828125
2022-02-17T14:30:00+00:00,65.18360900878906
2022-02-18T14:30:00+00:00,65.32121276855469
2022-02-22T14:30:00+00:00,63.78911590576172
2022-02-23T14:30:00+00:00,62.28453063964844
2022-02-24T14:30:00+00:00,62.17444610595703
2022-02-25T14:30:00+00:00,63.660682678222656
2022-02-28T14:30:00+00:00,62.91755294799805
2022-03-01T14:30:00+00:00,61.12855911254883
2022-03-02T14:30:00+00:00,63.66984558105469
2022-03-03T14:30:00+00:00,63.009300231933594
2022-03-04T14:30:00+00:00,62.74326705932617
2022-03-07T14:30:00+00:00,61.76160430908203
2022-03-08T14:30:00+00:00,60.74323272705078
2022-03-09T14:30:00+00:00,62.09186553955078
2022-03-10T14:30:00+00:00,61.110206604003906
2022-03-11T14:30:00+00:00,60.293701171875
2022-03-14T13:30:00+00:00,60.44047927856445
2022-03-15T13:30:00+00:00,60.67901611328125
2022-03-16T13:30:00+00:00,61.75241470336914
2022-03-17T13:30:00+00:00,62.385433197021484
2022-03-18T13:30:00+00:00,62.43131637573242
2022-03-21T13:30:00+00:00,62.31206512451172
2022-03-22T13:30:00+00:00,62.20195770263672
2022-03-23T13:30:00+00:00,59.97259521484375
2022-03-24T13:30:00+00:00,60.76158905029297
2022-03-25T13:30:00+00:00,61.440486907958984
2022-03-28T13:30:00+00:00,61.15609359741211
2022-03-29T13:30:00+00:00,61.90837478637695
2022-03-30T13:30:00+00:00,60.779945373535156
2022-03-31T13:30:00+00:00,58.61479949951172
2022-04-01T13:30:00+00:00,60.44047927856445
2022-04-04T13:30:00+00:00,61.523048400878906
2022-04-05T13:30:00+00:00,59.99095153808594
2022-04-06T13:30:00+00:00,59.26616668701172
2022-04-07T13:30:00+00:00,58.101036071777344
2022-04-08T13:30:00+00:00,57.67902374267578
2022-04-11T13:30:00+00:00,58.12855911254883
2022-04-12T13:30:00+00:00,59.165252685546875
2022-04-13T13:30:00+00:00,59.35791015625
2022-04-14T13:30:00+00:00,58.52305603027344
2022-04-18T13:30:00+00:00,58.11021041870117
2022-04-19T13:30:00+00:00,59.97259521484375
2022-04-20T13:30:00+00:00,60.8258171081543
2022-04-21T13:30:00+00:00,60.8258171081543
2022-04-22T13:30:00+00:00,59.394615173339844
2022-04-25T13:30:00+00:00,59.29369354248047
2022-04-26T13:30:00+00:00,57.220306396484375
2022-04-27T13:30:00+00:00,57.69736099243164
2022-04-28T13:30:00+00:00,55.17236328125
2022-04-29T13:30:00+00:00,53.845340728759766
2022-05-02T13:30:00+00:00,54.66551208496094
2022-05-03T13:30:00+00:00,54.4627685546875
2022-05-04T13:30:00+00:00,56.803470611572266
2022-05-05T13:30:00+00:00,54.30611801147461
2022-05-06T13:30:00+00:00,54.73923110961914
2022-05-09T13:30:00+00:00,55.09864044189453
2022-05-10T13:30:00+00:00,54.33375930786133
2022-05-11T13:30:00+00:00,52.868526458740234
2022-05-12T13:30:00+00:00,54.42591857910156
2022-05-13T13:30:00+00:00,55.30137252807617
2022-05-16T13:30:00+00:00,54.35219192504883
2022-05-17T13:30:00+00:00,55.61469268798828
2022-05-18T13:30:00+00:00,53.237125396728516
2022-05-19T13:30:00+00:00,53.86377716064453
2022-05-20T13:30:00+00:00,53.237125396728516
2022-05-23T13:30:00+00:00,53.7900505065918
2022-05-24T13:30:00+00:00,53.77162551879883
2022-05-25T13:30:00+00:00,53.946712493896484
2022-05-26T13:30:00+00:00,54.95118713378906
2022-05-27T13:30:00+00:00,56.41642761230469
2022-05-31T13:30:00+00:00,55.40273666381836
2022-06-01T13:30:00+00:00,55.69763946533203
2022-06-02T13:30:00+00:00,56.36113739013672
2022-06-03T13:30:00+00:00,56.066246032714844
2022-06-06T13:30:00+00:00,57.01542663574219
2022-06-07T13:30:00+00:00,56.9509162902832
2022-06-08T13:30:00+00:00,56.296627044677734
2022-06-09T13:30:00+00:00,56.03860855102539
2022-06-10T13:30:00+00:00,53.50437927246094
2022-06-13T13:30:00+00:00,51.68894958496094
2022-06-14T13:30:00+00:00,51.27425003051758
2022-06-15T13:30:00+00:00,51.64287567138672
2022-06-16T13:30:00+00:00,49.38511276245117
2022-06-17T13:30:00+00:00,48.94277572631836
2022-06-21T13:30:00+00:00,48.74002456665039
2022-06-22T13:30:00+00:00,48.89670944213867
2022-06-23T13:30:00+00:00,49.88274383544922
2022-06-24T13:30:00+00:00,51.44013214111328
2022-06-27T13:30:00+00:00,51.46778106689453
2022-06-28T13:30:00+00:00,50.8503532409668
2022-06-29T13:30:00+00:00,50.50016784667969
2022-06-30T13:30:00+00:00,50.389591217041016
2022-07-01T13:30:00+00:00,51.63365173339844
2022-07-05T13:30:00+00:00,52.88694381713867
2022-07-06T13:30:00+00:00,53.41222381591797
2022-07-07T13:30:00+00:00,54.93275451660156
2022-07-08T13:30:00+00:00,52.49991226196289
2022-07-11T13:30:00+00:00,52.24186706542969
2022-07-12T13:30:00+00:00,51.735023498535156
2022-07-13T13:30:00+00:00,51.13603210449219
2022-07-14T13:30:00+00:00,49.88274383544922
2022-07-15T13:30:00+00:00,52.20500946044922
2022-07-18T13:30:00+00:00,51.1083869934082
2022-07-19T13:30:00+00:00,52.99753189086914
2022-07-20T13:30:00+00:00,53.33849334716797
2022-07-21T13:30:00+00:00,54.32453536987305
2022-07-22T13:30:00+00:00,54.37062072753906
2022-07-25T13:30:00+00:00,54.29689025878906
2022-07-26T13:30:00+00:00,54.4074821472168
2022-07-27T13:30:00+00:00,55.7897834777832
2022-07-28T13:30:00+00:00,56.465641021728516
2022-07-29T13:30:00+00:00,58.57649230957031
2022-08-01T13:30:00+00:00,57.335899353027344
2022-08-02T13:30:00+00:00,55.98421096801758
2022-08-03T13:30:00+00:00,56.91928482055664
2022-08-04T13:30:00+00:00,56.743377685546875
2022-08-05T13:30:00+00:00,56.10456848144531
2022-08-08T13:30:00+00:00,56.93779754638672
2022-08-09T13:30:00+00:00,55.826820373535156
2022-08-10T13:30:00+00:00,57.12296676635742
2022-08-11T13:30:00+00:00,57.789546966552734
2022-08-12T13:30:00+00:00,59.13199234008789
2022-08-15T13:30:00+00:00,59.326416015625
2022-08-16T13:30:00+00:00,59.557861328125
2022-08-17T13:30:00+00:00,59.4467658996582
2022-08-18T13:30:00+00:00,59.354183197021484
2022-08-19T13:30:00+00:00,57.98396682739258
2022-08-22T13:30:00+00:00,56.743377685546875
2022-08-23T13:30:00+00:00,56.24343490600586
2022-08-24T13:30:00+00:00,56.4378547668457
2022-08-25T13:30:00+00:00,56.58598709106445
2022-08-26T13:30:00+00:00,54.09553146362305
2022-08-29T13:30:00+00:00,53.419700622558594
2022-08-30T13:30:00+00:00,53.178977966308594
2022-08-31T13:30:00+00:00,52.262420654296875
2022-09-01T13:30:00+00:00,52.23463821411133
2022-09-02T13:30:00+00:00,52.09577178955078
2022-09-06T13:30:00+00:00,51.743961334228516
2022-09-07T13:30:00+00:00,52.966041564941406
2022-09-08T13:30:00+00:00,52.63274383544922
2022-09-09T13:30:00+00:00,52.11429214477539
2022-09-12T13:30:00+00:00,52.00318145751953
2022-09-13T13:30:00+00:00,50.16081237792969
2022-09-14T13:30:00+00:00,48.392494201660156
2022-09-15T13:30:00+00:00,48.99427795410156
2022-09-16T13:30:00+00:00,47.883296966552734
2022-09-19T13:30:00+00:00,48.68877029418945
2022-09-20T13:30:00+00:00,47.42039489746094
2022-09-21T13:30:00+00:00,47.27226257324219
2022-09-22T13:30:00+00:00,46.772315979003906
2022-09-23T13:30:00+00:00,46.13351058959961
2022-09-26T13:30:00+00:00,45.744659423828125
2022-09-27T13:30:00+00:00,45.670597076416016
2022-09-28T13:30:00+00:00,46.7075080871582
2022-09-29T13:30:00+00:00,45.11510467529297
2022-09-30T13:30:00+00:00,44.97623825073242
2022-10-03T13:30:00+00:00,46.87416076660156
2022-10-04T13:30:00+00:00,48.47582244873047
2022-10-05T13:30:00+00:00,47.679622650146484
2022-10-06T13:30:00+00:00,47.013023376464844
2022-10-07T13:30:00+00:00,45.827980041503906
2022-10-10T13:30:00+00:00,45.90204620361328
2022-10-11T13:30:00+00:00,45.652076721191406
2022-10-12T13:30:00+00:00,45.48542785644531
2022-10-13T13:30:00+00:00,45.2354621887207
2022-10-14T13:30:00+00:00,45.40210723876953
2022-10-17T13:30:00+00:00,47.781463623046875
2022-10-18T13:30:00+00:00,47.92033004760742
2022-10-19T13:30:00+00:00,47.00377655029297
2022-10-20T13:30:00+00:00,45.142879486083984
2022-10-21T13:30:00+00:00,46.41124725341797
2022-10-24T13:30:00+00:00,47.03154754638672
2022-10-25T13:30:00+00:00,48.23511505126953
2022-10-26T13:30:00+00:00,48.09623336791992
2022-10-27T13:30:00+00:00,48.04994583129883
2022-10-28T13:30:00+00:00,50.63867950439453
2022-10-31T13:30:00+00:00,51.011165618896484
2022-11-01T13:30:00+00:00,50.843544006347656
2022-11-02T13:30:00+00:00,50.005470275878906
2022-11-03T13:30:00+00:00,50.629371643066406
2022-11-04T13:30:00+00:00,52.128604888916016
2022-11-07T14:30:00+00:00,52.9946174621582
2022-11-08T14:30:00+00:00,52.11928939819336
2022-11-09T14:30:00+00:00,51.2625846862793
2022-11-10T14:30:00+00:00,55.201568603515625
2022-11-11T14:30:00+00:00,55.872032165527344
2022-11-14T14:30:00+00:00,55.41574478149414
2022-11-15T14:30:00+00:00,56.235198974609375
2022-11-16T14:30:00+00:00,55.685794830322266
2022-11-17T14:30:00+00:00,55.96514892578125
2022-11-18T14:30:00+00:00,57.06396484375
2022-11-21T14:30:00+00:00,57.17571258544922
2022-11-22T14:30:00+00:00,57.64130783081055
2022-11-23T14:30:00+00:00,57.2967643737793
2022-11-25T14:30:00+00:00,57.60406494140625
2022-11-28T14:30:00+00:00,55.64854049682617
2022-11-29T14:30:00+00:00,56.32832336425781
2022-11-30T14:30:00+00:00,56.561126708984375
2022-12-01T14:30:00+00:00,56.319007873535156
2022-12-02T14:30:00+00:00,56.22589111328125
2022-12-05T14:30:00+00:00,55.70441436767578
2022-12-06T14:30:00+00:00,55.28537368774414
2022-12-07T14:30:00+00:00,55.192256927490234
2022-12-08T14:30:00+00:00,54.400726318359375
2022-12-09T14:30:00+00:00,54.28899383544922
2022-12-12T14:30:00+00:00,54.48453903198242
2022-12-13T14:30:00+00:00,55.28537368774414
2022-12-14T14:30:00+00:00,54.82908630371094
2022-12-15T14:30:00+00:00,52.89218521118164
2022-12-16T14:30:00+00:00,52.19378662109375
2022-12-19T14:30:00+00:00,52.20309829711914
2022-12-20T14:30:00+00:00,52.463844299316406
2022-12-21T14:30:00+00:00,53.30192184448242
2022-12-22T14:30:00+00:00,52.36140060424805
2022-12-23T14:30:00+00:00,52.98530960083008
2022-12-27T14:30:00+00:00,53.70233154296875
2022-12-28T14:30:00+00:00,52.864253997802734
2022-12-29T14:30:00+00:00,53.693023681640625
2022-12-30T14:30:00+00:00,53.30192184448242
2023-01-03T14:30:00+00:00,54.866329193115234
2023-01-04T14:30:00+00:00,56.48662567138672
2023-01-05T14:30:00+00:00,55.2946891784668
2023-01-06T14:30:00+00:00,57.212955474853516
2023-01-09T14:30:00+00:00,57.259517669677734
2023-01-10T14:30:00+00:00,55.741668701171875
2023-01-11T14:30:00+00:00,58.2745246887207
2023-01-12T14:30:00+00:00,57.17571258544922
2023-01-13T14:30:00+00:00,57.85548782348633
2023-01-17T14:30:00+00:00,55.899967193603516
2023-01-18T14:30:00+00:00,56.00239181518555
2023-01-19T14:30:00+00:00,53.8140754699707
2023-01-20T14:30:00+00:00,55.08051300048828
2023-01-23T14:30:00+00:00,56.06758499145508
2023-01-24T14:30:00+00:00,56.49592971801758
2023-01-25T14:30:00+00:00,56.35625457763672
2023-01-26T14:30:00+00:00,54.801151275634766
2023-01-27T14:30:00+00:00,56.20726013183594
2023-01-30T14:30:00+00:00,55.739341735839844
2023-01-31T14:30:00+00:00,63.357173919677734
2023-02-01T14:30:00+00:00,65.4721908569336
2023-02-02T14:30:00+00:00,65.88397979736328
2023-02-03T14:30:00+00:00,64.62056732177734
2023-02-06T14:30:00+00:00,63.16062927246094
2023-02-07T14:30:00+00:00,62.355812072753906
2023-02-08T14:30:00+00:00,61.96276092529297
2023-02-09T14:30:00+00:00,61.588417053222656
2023-02-10T14:30:00+00:00,61.869171142578125
2023-02-13T14:30:00+00:00,63.66600036621094
2023-02-14T14:30:00+00:00,63.151283264160156
2023-02-15T14:30:00+00:00,63.66600036621094
2023-02-16T14:30:00+00:00,63.37588882446289
2023-02-17T14:30:00+00:00,62.92668151855469
2023-02-21T14:30:00+00:00,61.457393646240234
2023-02-22T14:30:00+00:00,61.27021789550781
2023-02-23T14:30:00+00:00,61.588417053222656
2023-02-24T14:30:00+00:00,60.73678970336914
2023-02-27T14:30:00+00:00,61.12984848022461
2023-02-28T14:30:00+00:00,61.41996383666992
2023-03-01T14:30:00+00:00,62.48683166503906
2023-03-02T14:30:00+00:00,63.30101776123047
2023-03-03T14:30:00+00:00,63.759578704833984
2023-03-06T14:30:00+00:00,62.60849380493164
2023-03-07T14:30:00+00:00,62.13121032714844
2023-03-08T14:30:00+00:00,62.71142578125
2023-03-09T14:30:00+00:00,63.10449981689453
2023-03-10T14:30:00+00:00,61.85980224609375
2023-03-13T13:30:00+00:00,61.56034469604492
2023-03-14T13:30:00+00:00,63.151283264160156
2023-03-15T13:30:00+00:00,62.39323806762695
2023-03-16T13:30:00+00:00,63.0483512878418
2023-03-17T13:30:00+00:00,61.27021789550781
2023-03-20T13:30:00+00:00,62.18735122680664
2023-03-21T13:30:00+00:00,62.627193450927734
2023-03-22T13:30:00+00:00,62.22478485107422
2023-03-23T13:30:00+00:00,62.037620544433594
2023-03-24T13:30:00+00:00,62.4587516784668
2023-03-27T13:30:00+00:00,63.263572692871094
2023-03-28T13:30:00+00:00,63.7783088684082
2023-03-29T13:30:00+00:00,64.49891662597656
2023-03-30T13:30:00+00:00,63.54434585571289
2023-03-31T13:30:00+00:00,64.71415710449219
2023-04-03T13:30:00+00:00,64.43340301513672
2023-04-04T13:30:00+00:00,61.60713195800781
2023-04-05T13:30:00+00:00,60.46538543701172
2023-04-06T13:30:00+00:00,60.45602798461914
2023-04-10T13:30:00+00:00,61.27021789550781
2023-04-11T13:30:00+00:00,61.354454040527344
2023-04-12T13:30:00+00:00,61.784934997558594
2023-04-13T13:30:00+00:00,62.093753814697266
2023-04-14T13:30:00+00:00,62.814369201660156
2023-04-17T13:30:00+00:00,63.23550796508789
2023-04-18T13:30:00+00:00,64.1432876586914
2023-04-19T13:30:00+00:00,63.525630950927734
2023-04-20T13:30:00+00:00,64.35853576660156
2023-04-21T13:30:00+00:00,64.3678970336914
2023-04-24T13:30:00+00:00,64.49891662597656
2023-04-25T13:30:00+00:00,64.17137908935547
2023-04-26T13:30:00+00:00,63.170013427734375
2023-04-27T13:30:00+00:00,64.44844818115234
2023-04-28T13:30:00+00:00,64.19463348388672
2023-05-01T13:30:00+00:00,65.93370056152344
2023-05-02T13:30:00+00:00,65.59529113769531
2023-05-03T13:30:00+00:00,65.29447174072266
2023-05-04T13:30:00+00:00,65.04066467285156
2023-05-05T13:30:00+00:00,66.15929412841797
2023-05-08T13:30:00+00:00,66.09349060058594
2023-05-09T13:30:00+00:00,65.1628646850586
2023-05-10T13:30:00+00:00,65.06885528564453
2023-05-11T13:30:00+00:00,64.29804229736328
2023-05-12T13:30:00+00:00,63.20759963989258
2023-05-15T13:30:00+00:00,64.11003112792969
2023-05-16T13:30:00+00:00,63.179405212402344
2023-05-17T13:30:00+00:00,64.18523406982422
2023-05-18T13:30:00+00:00,64.99364471435547
2023-05-19T13:30:00+00:00,64.31683349609375
2023-05-22T13:30:00+00:00,64.10063171386719
2023-05-23T13:30:00+00:00,62.72818374633789
2023-05-24T13:30:00+00:00,62.3709602355957
2023-05-25T13:30:00+00:00,62.5025749206543
2023-05-26T13:30:00+00:00,62.67177963256836
2023-05-30T13:30:00+00:00,62.69059753417969
2023-05-31T13:30:00+00:00,60.10550308227539
2023-06-01T13:30:00+00:00,60.70712661743164
2023-06-02T13:30:00+00:00,64.30744171142578
2023-06-05T13:30:00+00:00,64.34504699707031
2023-06-06T13:30:00+00:00,64.52364349365234
2023-06-07T13:30:00+00:00,65.87728881835938
2023-06-08T13:30:00+00:00,65.55767059326172
2023-06-09T13:30:00+00:00,64.66464233398438
2023-06-12T13:30:00+00:00,64.45784759521484
2023-06-13T13:30:00+00:00,65.53887176513672
2023-06-14T13:30:00+00:00,65.45426940917969
2023-06-15T13:30:00+00:00,66.281494140625
2023-06-16T13:30:00+00:00,66.74211120605469
2023-06-20T13:30:00+00:00,65.88668060302734
2023-06-21T13:30:00+00:00,65.66107940673828
2023-06-22T13:30:00+00:00,64.899658203125
2023-06-23T13:30:00+00:00,65.3226547241211
2023-06-26T13:30:00+00:00,66.69511413574219
2023-06-27T13:30:00+00:00,67.93595886230469
2023-06-28T13:30:00+00:00,67.80433654785156
2023-06-29T13:30:00+00:00,68.03934478759766
2023-06-30T13:30:00+00:00,68.41536712646484
2023-07-03T13:30:00+00:00,68.02996063232422
2023-07-05T13:30:00+00:00,66.78912353515625
2023-07-06T13:30:00+00:00,66.3661117553711
2023-07-07T13:30:00+00:00,66.40369415283203
2023-07-10T13:30:00+00:00,67.86074829101562
2023-07-11T13:30:00+00:00,68.81018829345703
2023-07-12T13:30:00+00:00,69.08277893066406
2023-07-13T13:30:00+00:00,68.7067642211914
2023-07-14T13:30:00+00:00,69.94761657714844
2023-07-17T13:30:00+00:00,70.50222778320312
2023-07-18T13:30:00+00:00,71.92166900634766
2023-07-19T13:30:00+00:00,72.04387664794922
2023-07-20T13:30:00+00:00,71.78067779541016
2023-07-21T13:30:00+00:00,71.43285369873047
2023-07-24T13:30:00+00:00,70.89704895019531
2023-07-25T13:30:00+00:00,70.66202545166016
2023-07-26T13:30:00+00:00,70.56803894042969
2023-07-27T13:30:00+00:00,69.2613754272461
2023-07-28T13:30:00+00:00,68.13818359375
2023-07-31T13:30:00+00:00,68.55348205566406
2023-08-01T13:30:00+00:00,68.51573181152344
2023-08-02T13:30:00+00:00,68.51573181152344
2023-08-03T13:30:00+00:00,68.24200439453125
2023-08-04T13:30:00+00:00,68.56292724609375
2023-08-07T13:30:00+00:00,69.69557189941406
2023-08-08T13:30:00+00:00,69.12924194335938
2023-08-09T13:30:00+00:00,68.70452117919922
2023-08-10T13:30:00+00:00,67.94940948486328
2023-08-11T13:30:00+00:00,67.35475158691406
2023-08-14T13:30:00+00:00,67.27925872802734
2023-08-15T13:30:00+00:00,66.84508514404297
2023-08-16T13:30:00+00:00,66.34484100341797
2023-08-17T13:30:00+00:00,65.81625366210938
2023-08-18T13:30:00+00:00,65.05170440673828
2023-08-21T13:30:00+00:00,64.9950942993164
2023-08-22T13:30:00+00:00,65.52365112304688
2023-08-23T13:30:00+00:00,66.05223846435547
2023-08-24T13:30:00+00:00,64.93846893310547
2023-08-25T13:30:00+00:00,65.83513641357422
2023-08-28T13:30:00+00:00,66.74125671386719
2023-08-29T13:30:00+00:00,67.82669830322266
2023-08-30T13:30:00+00:00,68.24200439453125
2023-08-31T13:30:00+00:00,68.43079376220703
2023-09-01T13:30:00+00:00,69.44071960449219
2023-09-05T13:30:00+00:00,67.90222930908203
2023-09-06T13:30:00+00:00,67.8172607421875
2023-09-07T13:30:00+00:00,67.6945571899414
2023-09-08T13:30:00+00:00,66.25043487548828
2023-09-11T13:30:00+00:00,66.55248260498047
2023-09-12T13:30:00+00:00,64.4382095336914
2023-09-13T13:30:00+00:00,63.35274887084961
2023-09-14T13:30:00+00:00,63.937957763671875
2023-09-15T13:30:00+00:00,63.02239990234375
2023-09-18T13:30:00+00:00,63.39051055908203
2023-09-19T13:30:00+00:00,63.24892807006836
2023-09-20T13:30:00+00:00,62.6259651184082
2023-09-21T13:30:00+00:00,61.51219177246094
2023-09-22T13:30:00+00:00,60.88923645019531
2023-09-25T13:30:00+00:00,60.85148239135742
2023-09-26T13:30:00+00:00,61.79536056518555
2023-09-27T13:30:00+00:00,61.776485443115234
2023-09-28T13:30:00+00:00,62.7486686706543
2023-09-29T13:30:00+00:00,62.418304443359375
2023-10-02T13:30:00+00:00,62.34280776977539
2023-10-03T13:30:00+00:00,61.70096969604492
2023-10-04T13:30:00+00:00,62.52213668823242
2023-10-05T13:30:00+00:00,62.36167907714844
2023-10-06T13:30:00+00:00,63.51321029663086
2023-10-09T13:30:00+00:00,64.7779769897461
2023-10-10T13:30:00+00:00,65.37263488769531
2023-10-11T13:30:00+00:00,67.09992218017578
2023-10-12T13:30:00+00:00,66.00502014160156
2023-10-13T13:30:00+00:00,66.31651306152344
2023-10-16T13:30:00+00:00,67.86445617675781
2023-10-17T13:30:00+00:00,67.79839324951172
2023-10-18T13:30:00+00:00,64.6269760131836
2023-10-19T13:30:00+00:00,63.24892807006836
2023-10-20T13:30:00+00:00,62.91857147216797
2023-10-23T13:30:00+00:00,62.66371154785156
2023-10-24T13:30:00+00:00,62.899681091308594
2023-10-25T13:30:00+00:00,61.53107452392578
2023-10-26T13:30:00+00:00,65.2405014038086
2023-10-27T13:30:00+00:00,64.00402069091797
2023-10-30T13:30:00+00:00,65.90071868896484
2023-10-31T13:30:00+00:00,66.15677642822266
2023-11-01T13:30:00+00:00,67.15254211425781
2023-11-02T13:30:00+00:00,67.66463470458984
2023-11-03T13:30:00+00:00,67.8637924194336
2023-11-06T14:30:00+00:00,67.41807556152344
2023-11-07T14:30:00+00:00,67.00080108642578
2023-11-08T14:30:00+00:00,67.46546936035156
2023-11-09T14:30:00+00:00,67.68360900878906
2023-11-10T14:30:00+00:00,69.05872344970703
2023-11-13T14:30:00+00:00,69.58977508544922
2023-11-14T14:30:00+00:00,72.09343719482422
2023-11-15T14:30:00+00:00,71.12610626220703
2023-11-16T14:30:00+00:00,71.73307037353516
2023-11-17T14:30:00+00:00,72.4348373413086
2023-11-20T14:30:00+00:00,72.17878723144531
2023-11-21T14:30:00+00:00,71.95117950439453
2023-11-22T14:30:00+00:00,71.96065521240234
2023-11-24T14:30:00+00:00,72.08394622802734
2023-11-27T14:30:00+00:00,72.03652954101562
2023-11-28T14:30:00+00:00,71.23992919921875
2023-11-29T14:30:00+00:00,71.220947265625
2023-11-30T14:30:00+00:00,71.467529296875
2023-12-01T14:30:00+00:00,72.77623748779297
2023-12-04T14:30:00+00:00,73.10816192626953
2023-12-05T14:30:00+00:00,72.36844635009766
2023-12-06T14:30:00+00:00,73.28836059570312
2023-12-07T14:30:00+00:00,73.98065185546875
2023-12-08T14:30:00+00:00,73.961669921875
2023-12-11T14:30:00+00:00,74.00908660888672
2023-12-12T14:30:00+00:00,75.37472534179688
2023-12-13T14:30:00+00:00,75.42212677001953
2023-12-14T14:30:00+00:00,76.4273910522461
2023-12-15T14:30:00+00:00,75.10917663574219
2023-12-18T14:30:00+00:00,75.28937530517578
2023-12-19T14:30:00+00:00,76.72137451171875
2023-12-20T14:30:00+00:00,76.08598327636719
2023-12-21T14:30:00+00:00,77.34728240966797
2023-12-22T14:30:00+00:00,77.50850677490234
2023-12-26T14:30:00+00:00,77.62229919433594
2023-12-27T14:30:00+00:00,77.9162826538086
2023-12-28T14:30:00+00:00,77.9921646118164
2023-12-29T14:30:00+00:00,78.18182373046875
2024-01-02T14:30:00+00:00,77.23348236083984
2024-01-03T14:30:00+00:00,74.64447021484375
2024-01-04T14:30:00+00:00,75.2798843383789
2024-01-05T14:30:00+00:00,74.95744323730469
2024-01-08T14:30:00+00:00,75.17556762695312
2024-01-09T14:30:00+00:00,75.71612548828125
2024-01-10T14:30:00+00:00,76.32307434082031
2024-01-11T14:30:00+00:00,76.49375915527344
2024-01-12T14:30:00+00:00,76.92052459716797
2024-01-16T14:30:00+00:00,76.79724884033203
2024-01-17T14:30:00+00:00,75.98168182373047
2024-01-18T14:30:00+00:00,76.41790771484375
2024-01-19T14:30:00+00:00,77.01536560058594
2024-01-22T14:30:00+00:00,77.87836456298828
2024-01-23T14:30:00+00:00,77.62229919433594
2024-01-24T14:30:00+00:00,76.1808090209961
2024-01-25T14:30:00+00:00,77.07225036621094
2024-01-26T14:30:00+00:00,76.74034881591797
2024-01-29T14:30:00+00:00,77.43263244628906
2024-01-30T14:30:00+00:00,75.89978790283203
2024-01-31T14:30:00+00:00,73.8908920288086
2024-02-01T14:30:00+00:00,75.75697326660156
2024-02-02T14:30:00+00:00,74.57640075683594
2024-02-05T14:30:00+00:00,73.39581298828125
2024-02-06T14:30:00+00:00,74.47166442871094
2024-02-07T14:30:00+00:00,76.0140380859375
2024-02-08T14:30:00+00:00,76.40438842773438
2024-02-09T14:30:00+00:00,76.68049621582031
2024-02-12T14:30:00+00:00,77.38504028320312
2024-02-13T14:30:00+00:00,75.45231628417969
2024-02-14T14:30:00+00:00,77.28028869628906
2024-02-15T14:30:00+00:00,77.11845397949219
2024-02-16T14:30:00+00:00,76.25205993652344
2024-02-20T14:30:00+00:00,75.8236083984375
2024-02-21T14:30:00+00:00,76.38533782958984
2024-02-22T14:30:00+00:00,76.74714660644531
2024-02-23T14:30:00+00:00,77.499267578125
2024-02-26T14:30:00+00:00,77.68016815185547
2024-02-27T14:30:00+00:00,78.35615539550781
2024-02-28T14:30:00+00:00,78.91787719726562
2024-02-29T14:30:00+00:00,78.92739868164062
2024-03-01T14:30:00+00:00,79.91756439208984
2024-03-04T14:30:00+00:00,81.02196502685547
2024-03-05T14:30:00+00:00,79.67952728271484
2024-03-06T14:30:00+00:00,80.45072174072266
2024-03-07T14:30:00+00:00,82.4977035522461
2024-03-08T14:30:00+00:00,81.70746612548828
2024-03-11T13:30:00+00:00,81.2219009399414
2024-03-12T13:30:00+00:00,81.81220245361328
2024-03-13T13:30:00+00:00,82.03118133544922
2024-03-14T13:30:00+00:00,82.46913146972656
2024-03-15T13:30:00+00:00,82.91661071777344
2024-03-18T13:30:00+00:00,81.74555969238281
2024-03-19T13:30:00+00:00,82.62145233154297
2024-03-20T13:30:00+00:00,83.44025421142578
2024-03-21T13:30:00+00:00,85.57290649414062
2024-03-22T13:30:00+00:00,85.00165557861328
2024-03-25T13:30:00+00:00,83.82109069824219
2024-03-26T13:30:00+00:00,83.66876983642578
2024-03-27T13:30:00+00:00,84.59227752685547
2024-03-28T13:30:00+00:00,85.17304992675781
2024-04-01T13:30:00+00:00,84.81124877929688
2024-04-02T13:30:00+00:00,84.30664825439453
2024-04-03T13:30:00+00:00,84.40185546875
2024-04-04T13:30:00+00:00,82.96421813964844
2024-04-05T13:30:00+00:00,83.34504699707031
2024-04-08T13:30:00+00:00,82.80235290527344
2024-04-09T13:30:00+00:00,82.32632446289062
2024-04-10T13:30:00+00:00,81.4313735961914
2024-04-11T13:30:00+00:00,82.02165985107422
2024-04-12T13:30:00+00:00,82.35489654541016
2024-04-15T13:30:00+00:00,81.06957244873047
2024-04-16T13:30:00+00:00,81.30760192871094
2024-04-17T13:30:00+00:00,82.31681060791016
2024-04-18T13:30:00+00:00,82.53578186035156
2024-04-19T13:30:00+00:00,81.94548797607422
2024-04-22T13:30:00+00:00,82.7357177734375
2024-04-23T13:30:00+00:00,83.70682525634766
2024-04-24T13:30:00+00:00,82.83094024658203
2024-04-25T13:30:00+00:00,78.85122680664062
2024-04-26T13:30:00+00:00,79.2225341796875
2024-04-29T13:30:00+00:00,80.5797119140625
2024-04-30T13:30:00+00:00,79.17475128173828
2024-05-01T13:30:00+00:00,79.12696075439453
2024-05-02T13:30:00+00:00,79.85334014892578
2024-05-03T13:30:00+00:00,80.5797119140625
2024-05-06T13:30:00+00:00,81.38255310058594
2024-05-07T13:30:00+00:00,81.44945526123047
2024-05-08T13:30:00+00:00,81.79354095458984
2024-05-09T13:30:00+00:00,82.56768798828125
2024-05-10T13:30:00+00:00,82.55812072753906
2024-05-13T13:30:00+00:00,82.25228881835938
2024-05-14T13:30:00+00:00,82.57723999023438
2024-05-15T13:30:00+00:00,82.93087768554688
2024-05-16T13:30:00+00:00,81.58325958251953
2024-05-17T13:30:00+00:00,81.88909912109375
2024-05-20T13:30:00+00:00,82.01333618164062
2024-05-21T13:30:00+00:00,81.94644927978516
2024-05-22T13:30:00+00:00,81.30609130859375
2024-05-23T13:30:00+00:00,80.35033416748047
2024-05-24T13:30:00+00:00,81.02892303466797
2024-05-28T13:30:00+00:00,78.88802337646484
2024-05-29T13:30:00+00:00,77.52130889892578
2024-05-30T13:30:00+00:00,78.42926025390625
2024-05-31T13:30:00+00:00,79.93936157226562
2024-06-03T13:30:00+00:00,78.56307220458984
2024-06-04T13:30:00+00:00,77.65509796142578
2024-06-05T13:30:00+00:00,78.44837188720703
2024-06-06T13:30:00+00:00,77.30146789550781
2024-06-07T13:30:00+00:00,77.49263000488281
2024-06-10T13:30:00+00:00,77.87493133544922
2024-06-11T13:30:00+00:00,77.98005676269531
2024-06-12T13:30:00+00:00,79.89157104492188
2024-06-13T13:30:00+00:00,79.9680404663086
2024-06-14T13:30:00+00:00,78.81157684326172
2024-06-17T13:30:00+00:00,79.97759246826172
2024-06-18T13:30:00+00:00,80.49371337890625
2024-06-20T13:30:00+00:00,80.20696258544922
2024-06-21T13:30:00+00:00,80.417236328125
2024-06-24T13:30:00+00:00,80.69441223144531
2024-06-25T13:30:00+00:00,79.26077270507812
2024-06-26T13:30:00+00:00,78.73511505126953
2024-06-27T13:30:00+00:00,78.39102935791016
2024-06-28T13:30:00+00:00,78.16165924072266
2024-07-01T13:30:00+00:00,76.63243865966797
2024-07-02T13:30:00+00:00,77.31103515625
2024-07-03T13:30:00+00:00,77.45439910888672
2024-07-05T13:30:00+00:00,76.919189453125
2024-07-08T13:30:00+00:00,77.4735107421875
2024-07-09T13:30:00+00:00,77.15812683105469
2024-07-10T13:30:00+00:00,79.318115234375
2024-07-11T13:30:00+00:00,82.27139282226562
2024-07-12T13:30:00+00:00,83.94398498535156
2024-07-15T13:30:00+00:00,83.91529846191406
2024-07-16T13:30:00+00:00,87.91036987304688
2024-07-17T13:30:00+00:00,86.15176391601562
2024-07-18T13:30:00+00:00,85.08131408691406
2024-07-19T13:30:00+00:00,84.09689331054688
2024-07-22T13:30:00+00:00,84.88060760498047
2024-07-23T13:30:00+00:00,76.90962982177734
2024-07-24T13:30:00+00:00,77.18677520751953
2024-07-25T13:30:00+00:00,78.54396057128906
2024-07-26T13:30:00+00:00,80.76130676269531
2024-07-29T13:30:00+00:00,80.76130676269531
2024-07-30T13:30:00+00:00,81.6692886352539
2024-07-31T13:30:00+00:00,81.58293151855469
2024-08-01T13:30:00+00:00,79.1845703125
2024-08-02T13:30:00+00:00,79.05025482177734
2024-08-05T13:30:00+00:00,78.33074951171875
2024-08-06T13:30:00+00:00,78.34034729003906
2024-08-07T13:30:00+00:00,77.0068359375
2024-08-08T13:30:00+00:00,77.21790313720703
2024-08-09T13:30:00+00:00,77.0068359375
2024-08-12T13:30:00+00:00,75.66375732421875
2024-08-13T13:30:00+00:00,76.3353042602539
2024-08-14T13:30:00+00:00,76.517578125
2024-08-15T13:30:00+00:00,76.98766326904297
2024-08-16T13:30:00+00:00,76.41205596923828
2024-08-19T13:30:00+00:00,77.41937255859375
2024-08-20T13:30:00+00:00,77.51531219482422
2024-08-21T13:30:00+00:00,78.5513916015625
2024-08-22T13:30:00+00:00,77.8318862915039
2024-08-23T13:30:00+00:00,79.1845703125
2024-08-26T13:30:00+00:00,79.01189422607422
2024-08-27T13:30:00+00:00,78.43628692626953
2024-08-28T13:30:00+00:00,78.51303100585938
2024-08-29T13:30:00+00:00,78.762451171875
2024-08-30T13:30:00+00:00,80.31659698486328
2024-09-03T13:30:00+00:00,77.95658874511719
2024-09-04T13:30:00+00:00,77.08360290527344
2024-09-05T13:30:00+00:00,74.69481658935547
2024-09-06T13:30:00+00:00,73.78345489501953
2024-09-09T13:30:00+00:00,74.72359466552734
2024-09-10T13:30:00+00:00,75.48149871826172
2024-09-11T13:30:00+00:00,75.27042388916016
2024-09-12T13:30:00+00:00,76.1722183227539
2024-09-13T13:30:00+00:00,76.71904754638672
2024-09-16T13:30:00+00:00,78.37870788574219
2024-09-17T13:30:00+00:00,79.11742401123047
2024-09-18T13:30:00+00:00,79.52034759521484
2024-09-19T13:30:00+00:00,80.8634262084961
2024-09-20T13:30:00+00:00,79.52034759521484
2024-09-23T13:30:00+00:00,80.56602478027344
2024-09-24T13:30:00+00:00,82.25447082519531
2024-09-25T13:30:00+00:00,82.35041046142578
2024-09-26T13:30:00+00:00,85.67935180664062
2024-09-27T13:30:00+00:00,86.90731048583984
2024-09-30T13:30:00+00:00,86.17821502685547
2024-10-01T13:30:00+00:00,85.32438659667969
2024-10-02T13:30:00+00:00,84.45137786865234
2024-10-03T13:30:00+00:00,83.95252227783203
2024-10-04T13:30:00+00:00,83.84700012207031
2024-10-07T13:30:00+00:00,84.56651306152344
2024-10-08T13:30:00+00:00,82.93560791015625
2024-10-09T13:30:00+00:00,84.11561584472656
2024-10-10T13:30:00+00:00,82.75333404541016
2024-10-11T13:30:00+00:00,77.58245849609375
2024-10-14T13:30:00+00:00,79.26132202148438
2024-10-15T13:30:00+00:00,77.6592025756836
2024-10-16T13:30:00+00:00,76.9684829711914
2024-10-17T13:30:00+00:00,75.54862976074219
2024-10-18T13:30:00+00:00,75.54862976074219
2024-10-21T13:30:00+00:00,75.40473175048828
2024-10-22T13:30:00+00:00,75.03059387207031
2024-10-23T13:30:00+00:00,74.1575927734375
2024-10-24T13:30:00+00:00,74.19596099853516
2024-10-25T13:30:00+00:00,73.74507141113281
2024-10-28T13:30:00+00:00,73.8697738647461
2024-10-29T13:30:00+00:00,73.24620056152344
2024-10-30T13:30:00+00:00,72.82408905029297
2024-10-31T13:30:00+00:00,72.37116241455078
2024-11-01T13:30:00+00:00,72.6602783203125
2024-11-04T14:30:00+00:00,72.40972137451172
2024-11-05T14:30:00+00:00,73.16136169433594
2024-11-06T14:30:00+00:00,73.44083404541016
2024-11-07T14:30:00+00:00,73.26737976074219
2024-11-08T14:30:00+00:00,72.13988494873047
2024-11-11T14:30:00+00:00,72.37116241455078
2024-11-12T14:30:00+00:00,70.48238372802734
2024-11-13T14:30:00+00:00,70.45348358154297
2024-11-14T14:30:00+00:00,70.34748077392578
2024-11-15T14:30:00+00:00,69.60545349121094
2024-11-18T14:30:00+00:00,69.52836608886719
2024-11-19T14:30:00+00:00,68.81525421142578
2024-11-20T14:30:00+00:00,69.14289855957031
2024-11-21T14:30:00+00:00,70.31857299804688
2024-11-22T14:30:00+00:00,70.77149200439453
2024-11-25T14:30:00+00:00,72.68917083740234
2024-11-26T14:30:00+00:00,71.21476745605469
2024-11-27T14:30:00+00:00,71.4074935913086
2024-11-29T14:30:00+00:00,71.78333282470703
2024-12-02T14:30:00+00:00,71.9375228881836
2024-12-03T14:30:00+00:00,71.33041381835938
2024-12-04T14:30:00+00:00,70.92567443847656
2024-12-05T14:30:00+00:00,69.69218444824219
2024-12-06T14:30:00+00:00,69.9716567993164
2024-12-09T14:30:00+00:00,71.20513916015625
2024-12-10T14:30:00+00:00,70.32819366455078
2024-12-11T14:30:00+00:00,70.2318344116211
2024-12-12T14:30:00+00:00,69.99092102050781
2024-12-13T14:30:00+00:00,69.85599517822266
2024-12-16T14:30:00+00:00,69.2778091430664
2024-12-17T14:30:00+00:00,68.23705291748047
2024-12-18T14:30:00+00:00,66.40609741210938
2024-12-19T14:30:00+00:00,65.95317077636719
2024-12-20T14:30:00+00:00,66.2229995727539
2024-12-23T14:30:00+00:00,66.06880950927734
2024-12-24T14:30:00+00:00,66.38681030273438
2024-12-26T14:30:00+00:00,66.38681030273438
2024-12-27T14:30:00+00:00,65.94353485107422
2024-12-30T14:30:00+00:00,65.54842376708984
2024-12-31T14:30:00+00:00,65.73152160644531
2025-01-02T14:30:00+00:00,64.88350677490234
2025-01-03T14:30:00+00:00,66.10735321044922
2025-01-06T14:30:00+00:00,66.39646911621094
2025-01-07T14:30:00+00:00,65.81826782226562
2025-01-08T14:30:00+00:00,66.18444061279297
2025-01-10T14:30:00+00:00,65.12442016601562
2025-01-13T14:30:00+00:00,66.13626098632812
2025-01-14T14:30:00+00:00,68.66106414794922
2025-01-15T14:30:00+00:00,68.37196350097656
2025-01-16T14:30:00+00:00,68.80561065673828
2025-01-17T14:30:00+00:00,69.20071411132812
2025-01-21T14:30:00+00:00,70.04873657226562
2025-01-22T14:30:00+00:00,68.3912353515625
2025-01-23T14:30:00+00:00,68.68033599853516
2025-01-24T14:30:00+00:00,68.00577545166016
2025-01-27T14:30:00+00:00,68.83452606201172
2025-01-28T14:30:00+00:00,67.33121490478516
2025-01-29T14:30:00+00:00,66.704833984375
2025-01-30T14:30:00+00:00,64.86422729492188
2025-01-31T14:30:00+00:00,65.18384552001953
2025-02-03T14:30:00+00:00,64.9320297241211
2025-02-04T14:30:00+00:00,63.59541320800781
2025-02-05T14:30:00+00:00,63.576045989990234
2025-02-06T14:30:00+00:00,63.45014190673828
2025-02-07T14:30:00+00:00,63.11113739013672
2025-02-10T14:30:00+00:00,63.66322326660156
2025-02-11T14:30:00+00:00,63.89566421508789
2025-02-12T14:30:00+00:00,63.198307037353516
2025-02-13T14:30:00+00:00,63.92473220825195
2025-02-14T14:30:00+00:00,64.13780975341797
2025-02-18T14:30:00+00:00,63.65353012084961
2025-02-19T14:30:00+00:00,65.24195861816406
2025-02-20T14:30:00+00:00,64.68988037109375
2025-02-21T14:30:00+00:00,63.905364990234375
2025-02-24T14:30:00+00:00,64.14749145507812
2025-02-25T14:30:00+00:00,64.88358306884766
2025-02-26T14:30:00+00:00,64.07970428466797
2025-02-27T14:30:00+00:00,63.86661148071289
2025-02-28T14:30:00+00:00,64.38963317871094
2025-03-03T14:30:00+00:00,64.29277801513672
2025-03-04T14:30:00+00:00,63.546993255615234
2025-03-05T14:30:00+00:00,64.40900421142578
2025-03-06T14:30:00+00:00,66.0846176147461
2025-03-07T14:30:00+00:00,67.22750854492188
2025-03-10T13:30:00+00:00,67.42121887207031
2025-03-11T13:30:00+00:00,64.99982452392578
2025-03-12T13:30:00+00:00,63.576045989990234
2025-03-13T13:30:00+00:00,63.39201354980469
2025-03-14T13:30:00+00:00,64.74800109863281
2025-03-17T13:30:00+00:00,65.36787414550781
2025-03-18T13:30:00+00:00,65.53253173828125
2025-03-19T13:30:00+00:00,65.47441101074219
2025-03-20T13:30:00+00:00,64.6124038696289
2025-03-21T13:30:00+00:00,64.40900421142578
2025-03-24T13:30:00+00:00,64.28309631347656
2025-03-25T13:30:00+00:00,64.63178253173828
2025-03-26T13:30:00+00:00,65.2322769165039
2025-03-27T13:30:00+00:00,64.79642486572266
2025-03-28T13:30:00+00:00,63.546993255615234
2025-03-31T13:30:00+00:00,63.304847717285156
2025-04-01T13:30:00+00:00,63.53730392456055
2025-04-02T13:30:00+00:00,64.04095458984375
2025-04-03T13:30:00+00:00,61.65830612182617
2025-04-04T13:30:00+00:00,60.04081726074219
2025-04-07T13:30:00+00:00,58.7332649230957
2025-04-08T13:30:00+00:00,57.75502395629883
2025-04-09T13:30:00+00:00,60.592891693115234
2025-04-10T13:30:00+00:00,60.89314270019531
2025-04-11T13:30:00+00:00,62.47188949584961
2025-04-14T13:30:00+00:00,63.14988327026367
2025-04-15T13:30:00+00:00,61.84232711791992
2025-04-16T13:30:00+00:00,60.88345718383789
2025-04-17T13:30:00+00:00,61.15465545654297
2025-04-21T13:30:00+00:00,59.76961898803711
2025-04-22T13:30:00+00:00,61.948875427246094
2025-04-23T13:30:00+00:00,61.8035888671875
2025-04-24T13:30:00+00:00,63.24674606323242
2025-04-25T13:30:00+00:00,62.94648742675781
2025-04-28T13:30:00+00:00,62.74308776855469
2025-04-29T13:30:00+00:00,64.91264343261719
2025-04-30T13:30:00+00:00,66.0613784790039
2025-05-01T13:30:00+00:00,65.62330627441406
2025-05-02T13:30:00+00:00,66.6357421875
2025-05-05T13:30:00+00:00,66.5286636352539
2025-05-06T13:30:00+00:00,65.68172454833984
2025-05-07T13:30:00+00:00,65.1560287475586
2025-05-08T13:30:00+00:00,66.2074203491211
2025-05-09T13:30:00+00:00,66.47998046875
2025-05-12T13:30:00+00:00,68.59247589111328
2025-05-13T13:30:00+00:00,68.26148223876953
2025-05-14T13:30:00+00:00,66.53839874267578
2025-05-15T13:30:00+00:00,67.58003234863281
2025-05-16T13:30:00+00:00,68.65087127685547
2025-05-19T13:30:00+00:00,68.6411361694336
2025-05-20T13:30:00+00:00,67.77474212646484
2025-05-21T13:30:00+00:00,65.34098815917969
2025-05-22T13:30:00+00:00,65.58436584472656
2025-05-23T13:30:00+00:00,65.24363708496094
2025-05-27T13:30:00+00:00,66.75255584716797
2025-05-28T13:30:00+00:00,62.52759552001953
2025-05-29T13:30:00+00:00,63.01434326171875
2025-05-30T13:30:00+00:00,62.60546875
2025-06-02T13:30:00+00:00,61.339927673339844
2025-06-03T13:30:00+00:00,62.303688049316406
2025-06-04T13:30:00+00:00,62.59574508666992
2025-06-05T13:30:00+00:00,62.10898971557617
2025-06-06T13:30:00+00:00,62.634674072265625
2025-06-09T13:30:00+00:00,63.11168670654297
2025-06-10T13:30:00+00:00,63.997562408447266
2025-06-11T13:30:00+00:00,63.69578552246094
2025-06-12T13:30:00+00:00,62.54706573486328
2025-06-13T13:30:00+00:00,62.11872482299805
2025-06-16T13:30:00+00:00,62.615211486816406
2025-06-17T13:30:00+00:00,61.55409622192383
2025-06-18T13:30:00+00:00,61.408077239990234
2025-06-20T13:30:00+00:00,61.07708740234375
2025-06-23T13:30:00+00:00,62.43997573852539
2025-06-24T13:30:00+00:00,63.218780517578125
2025-06-25T13:30:00+00:00,63.316123962402344
2025-06-26T13:30:00+00:00,62.955928802490234
2025-06-27T13:30:00+00:00,63.909950256347656
2025-06-30T13:30:00+00:00,63.832069396972656
2025-07-01T13:30:00+00:00,65.96403503417969
2025-07-02T13:30:00+00:00,66.2852783203125
2025-07-03T13:30:00+00:00,66.11978912353516
2025-07-07T13:30:00+00:00,66.25607299804688
2025-07-08T13:30:00+00:00,66.64546966552734
2025-07-09T13:30:00+00:00,67.65791320800781
2025-07-10T13:30:00+00:00,68.6021957397461
2025-07-11T13:30:00+00:00,67.2490463256836
2025-07-14T13:30:00+00:00,67.025146484375
2025-07-15T13:30:00+00:00,65.45781707763672
2025-07-16T13:30:00+00:00,66.24635314941406
2025-07-17T13:30:00+00:00,68.87478637695312
2025-07-18T13:30:00+00:00,68.43670654296875
2025-07-21T13:30:00+00:00,67.23931121826172
2025-07-22T13:30:00+00:00,69.21549987792969
2025-07-23T13:30:00+00:00,69.48808288574219
2025-07-24T13:30:00+00:00,71.98023223876953
2025-07-25T13:30:00+00:00,70.15005493164062
2025-07-28T13:30:00+00:00,69.1473617553711
2025-07-29T13:30:00+00:00,69.74119567871094
2025-07-30T13:30:00+00:00,68.95266723632812
2025-07-31T13:30:00+00:00,69.24612426757812
2025-08-01T13:30:00+00:00,68.87440490722656
2025-08-04T13:30:00+00:00,68.8059310913086
2025-08-05T13:30:00+00:00,68.78636932373047
2025-08-06T13:30:00+00:00,69.02112579345703
2025-08-07T13:30:00+00:00,69.07982635498047
2025-08-08T13:30:00+00:00,69.28524780273438
2025-08-11T13:30:00+00:00,68.99178314208984
2025-08-12T13:30:00+00:00,69.77434539794922
2025-08-13T13:30:00+00:00,72.0339584350586
2025-08-14T13:30:00+00:00,70.93838500976562
2025-08-15T13:30:00+00:00,70.63513946533203
2025-08-18T13:30:00+00:00,70.57646179199219
2025-08-19T13:30:00+00:00,71.23184967041016
2025-08-20T13:30:00+00:00,70.28299713134766
2025-08-21T13:30:00+00:00,70.1851806640625
2025-08-22T13:30:00+00:00,72.00460815429688
2025-08-25T13:30:00+00:00,70.95794677734375
2025-08-26T13:30:00+00:00,70.80142974853516
2025-08-27T13:30:00+00:00,70.84056091308594
2025-08-28T13:30:00+00:00,70.05801391601562
2025-08-29T13:30:00+00:00,69.73521423339844
2025-09-02T13:30:00+00:00,68.84505462646484
2025-09-03T13:30:00+00:00,69.24612426757812
2025-09-04T13:30:00+00:00,71.05577850341797
2025-09-05T13:30:00+00:00,72.07308197021484
2025-09-08T13:30:00+00:00,72.34697723388672
2025-09-09T13:30:00+00:00,70.42971801757812
2025-09-10T13:30:00+00:00,70.9090347290039
2025-09-11T13:30:00+00:00,72.6795654296875
2025-09-12T13:30:00+00:00,70.98729705810547
2025-09-15T13:30:00+00:00,71.65245819091797
2025-09-16T13:30:00+00:00,72.00460815429688
2025-09-17T13:30:00+00:00,71.52530670166016
2025-09-18T13:30:00+00:00,71.47638702392578
2025-09-19T13:30:00+00:00,71.49595642089844
2025-09-22T13:30:00+00:00,70.6840591430664
2025-09-23T13:30:00+00:00,70.59600830078125
2025-09-24T13:30:00+00:00,70.39058685302734
